SEQUENCE: gucgucgucguc
SCORE:     score    chainbreak       N_WC      N_NWC       N_BS description
REMARK RNA 
SCORE:     0.000         0.000          6         13         13    S_000001
FOLD_TREE  JEDGE 1 12 2  C4   C2   END  EDGE 12 10 -1  JEDGE 10 9 3  C4   C2   END  EDGE 9 7 -1  JEDGE 7 6 4  C4   C2   END  EDGE 6 4 -1  JEDGE 4 3 1  C4   C2   END  EDGE 3 2 -1 RT -0.978947 0.0400192 0.200154 0.0127318 0.990654 -0.135802 -0.203718 -0.130395 -0.970307 6.10448 0.405974 0.159922  
RT -0.983389 0.181414 -0.00588581 0.181449 0.981708 -0.0576707 -0.00468411 -0.0577808 -0.998318 6.24027 -0.0984393 -0.0443801  
RT -0.989376 0.0701842 0.127315 0.0638886 0.996555 -0.0528808 -0.130588 -0.044185 -0.990452 6.14542 0.408827 -0.168231  
RT -0.989616 0.113646 0.0880067 0.0941329 0.975119 -0.200702 -0.108626 -0.190333 -0.975691 6.14007 0.418716 -0.22042  
   1 H     0.000  170.252   55.279 -276.468  207.047  -75.722   83.621   44.075   86.172  -28.849    0.258394   -1.407525   -0.507053   -0.750785   -1.489900   -1.641063   -1.873699   -0.759322   -1.188935    3.643    0.974    0.395 S_000001
   2 H   -61.938  164.288   56.055   83.296 -156.807  -58.117   78.241   35.962   94.773  -19.422    0.324490   -1.352712   -0.602673   -0.790091   -1.495679   -1.624004   -1.873302   -0.704353   -1.209727    8.165   -1.186   -3.416 S_000001
   3 H   -64.265  165.311   52.172 -277.368    0.000    0.000   79.471   39.612   92.415  203.319    0.312158   -1.378309   -0.547760   -0.759716   -1.503390   -1.625946   -1.853115   -0.691132   -1.226939   10.848   -5.653   -5.860 S_000001
   4 H     0.000  170.252   55.284   85.324 -167.135  -71.029   65.152   36.193   98.758  151.054    0.325009   -1.366448   -0.588606   -0.788724   -1.531494   -1.621846   -1.867806   -0.696257   -1.232994    4.305  -17.206    0.859 S_000001
   5 H   -51.015  178.703   37.515   80.278 -159.401  -69.909   80.790   34.219   99.073  179.918    0.346310   -1.365655   -0.580694   -0.788670   -1.576195   -1.585622   -1.863603   -0.720271   -1.216696    9.595  -14.644    1.181 S_000001
   6 H   -61.653  164.642   53.122 -281.027    0.000    0.000   90.794   38.696   92.408  -27.364    0.322128   -1.395216   -0.507664   -0.761184   -1.587749   -1.579050   -1.844506   -0.753790   -1.201887   13.283  -10.138    1.740 S_000001
   7 H     0.000  170.252   55.281   72.423 -147.111  -71.297   67.022   44.327   94.508  -26.771    0.262768   -1.469379   -0.305823   -0.753791   -1.689096   -1.426915   -1.804669   -0.751421   -1.212386    4.180    0.187   -4.478 S_000001
   8 H   -64.968  160.205   54.039   76.106 -146.589  -77.272   79.135   42.280   89.401 -153.157    0.277498   -1.418892   -0.472477   -0.765299   -1.553971   -1.583877   -1.835818   -0.693992   -1.227476    7.978   -4.003   -6.351 S_000001
   9 H   -73.075 -168.983   55.380   84.175    0.000    0.000   84.472   33.293   96.632  179.885    0.348401   -1.329461   -0.656249   -0.794763   -1.499133   -1.654526   -1.887040   -0.728715   -1.200899    9.433  -10.416   -6.502 S_000001
  10 H     0.000  170.253   55.280   82.618 -154.394  -74.691   80.677   34.524   97.881  179.902    0.340293   -1.360998   -0.588979   -0.794332   -1.557722   -1.600658   -1.877759   -0.727947   -1.205968    1.574  -17.660    4.235 S_000001
  11 H   -64.522  167.734   54.640   80.533 -150.606  -73.411   81.385   43.066   90.727  -18.487    0.287710   -1.408728   -0.499658   -0.743331   -1.494960   -1.619723   -1.847824   -0.691326   -1.231274    7.325  -15.876    4.847 S_000001
  12 H   -83.609 -162.745   51.740 -275.295    0.000    0.000   75.121   37.614   90.832  179.883    0.327695   -1.326637   -0.655013   -0.765482   -1.410680   -1.714814   -1.873606   -0.675734   -1.230677   11.783  -10.953    5.437 S_000001
