SEQUENCE: ggaauugcgggaaaggggucaacagccguucaguaccaagucucaggggaaacuuugagauggccuugcaaaggguaugguaauaagcugacggacaugguccuaacacgcagccaaguccuaagucaacagaucuucuguugauauggaugcaguucaXX
SCORE:     score    loop_close    rms    rms_stem       N_WC      N_NWC       N_BS       N_BP      natWC     natNWC      natBP    f_natWC    f_natNWC    f_natBP description
REMARK BINARY SILENTFILE    FULL_MODEL_PARAMETERS  FULL_SEQUENCE ggaauugcgggaaaggggucaacagccguucaguaccaagucucaggggaaacuuugagauggccuugcaaaggguaugguaauaagcugacggacaugguccuaacacgcagccaaguccuaagucaacagaucuucuguugauauggaugcaguucaXX  CONVENTIONAL_RES_CHAIN R:102-208,R:210-261,z:1,0  CUTPOINT_OPEN 159  INPUT_DOMAIN 6-9,82-83,109-112  WORKING 1-160  NON_STANDARD_RESIDUE_MAP 161:VRT 
SCORE:    28.583        28.583  0.371       0.395          5          1          7          6          5          1          6      1.000       1.000      1.000    S_000001
RES_NUM R:107-110 R:112 R:183-184 R:208 R:211-214 0 S_000001
FOLD_TREE  JEDGE 13 1 4  Y    C2   END  JEDGE 13 5 5  Y    C4   END  JEDGE 5 8 3  C4   C2   END  EDGE 1 4 -1  JEDGE 4 6 1  C4   C4   END  EDGE 6 7 -1  JEDGE 7 9 2  C4   C2   END  EDGE 9 12 -1  S_000001
RT 0.885002 -0.428247 0.182694 -0.465097 -0.795141 0.389147 -0.0213837 -0.429366 -0.902877 -1.33414 6.56562 -0.322811   S_000001
RT -0.854485 0.429339 0.292445 -0.137683 -0.730005 0.66943 0.500899 0.531753 0.68289 7.26876 6.18339 -0.462528   S_000001
RT -0.986727 0.156581 -0.0430278 0.159857 0.983219 -0.0878944 0.0285431 -0.0936062 -0.9952 6.20795 0.0678787 0.0922022   S_000001
RT 0.865661 -0.338813 0.36856 -0.394558 -0.914866 0.0856972 0.308148 -0.219603 -0.925645 3.95714 -4.02519 0.109393   S_000001
RT -0.54411 0.774594 0.32241 0.78749 0.604072 -0.122296 -0.289488 0.187353 -0.938667 10.5431 0.687436 18.1433   S_000001
ANNOTATED_SEQUENCE: u[URA:Virtual_Phosphate]gcgg[RGU:Virtual_Phosphate]a[RAD:Virtual_Phosphate]ac[RCY:Virtual_Phosphate]c[RCY:Virtual_Phosphate]gcaX S_000001
CHAIN_ENDINGS  4 5 7 8 S_000001
LB6SgChiirI8A2MQQ/5AgCJEDmIMq/PQQijrfCRvLwIsm2BQQoIugCFEesIM6uhRQrKGhChvOxIMNotRQePjhCZi2wI8yE7SQ1HDiCZlxsIc2ssSQoFOhCNjLvI8+YOUQWg6gCNmozIcik2UQBUKiClD2pIs0o4TQdX0hCVWBtIspW/UQOAQiChcBxIcYxeVQhd6hC9gKkIcoWvTQ/LFiC93lgI8n6uUQ7DaiCpt0hIc4vtVQFQ2hCleebIMCckUQ70ehCFwnZIcMwfTQoCUhCNk6UIMbbfTQarUhCtCjdIcR/eSQY1ihCJ/kiIMtqoSQFqXhCN13xIsjl6QQQcygCRKP0Iskc1RQb8vhCZW70Ic8qCTQ/B0gChXRsIsO7FUQFUsiCxhipIcwHKUQqErhCtUwqIsqs4VQUXoiCZVUvI8wB+VQTC9hCJK4YI8HOTVQAjBhCltZcI8dsmRQ/AbhCZGjlIc3E3RQ S_000001
LskPgC995yIc3rsVQwRufCZEZuIsp6HVQDv0fCxNK4IsIP2VQn/hgCtfLxIcSDIXQpsChC5DR0IMzSwXQq/VhCpfWxIcyJeYQIVwhCFu6sIMpWQYQU11gC9lyuI8SO8YQ6tjgCF6xyIsHVXZQ+AshCdLnoI8IltYQgQShCRWyqIcYRTZQz9shCVZNtI8AMyZQQsUhCpdiUI8zDxYQxHrhC1bwXIsUSMZQT99hChTQVIcxDtZQXzuhC5jAdIMt5HZQZ7ZhCVV0eI8z6kYQ1yChCFQ7bIMeVHYQ8Y/gCNBUWIcUuMYQVNsgCRp9SIMqktXQCHygCRfTfIsB+QXQDT/gCJSDkIM21mXQczXhCl9DkI8dBYYQzOchCZjL1IcPMCXQvk1gCBWH4I8lEDYQadnhCB5e0I86ovYQEYagCpQ9sIM+vrYQGcKiCdtHnIcZn6YQS3/gC58xnIsdKlZQ6++hCxUaqIcZUAaQVjThCFloQIsO23YQu7OiCdhWXIsCZCaQxF7hCF9SRIMeQwZQuf3gC5/snIcGrCXQ S_000001
LOrsfC5iuxI84gsZQx8veCJH/vIcq8KZQJGXfCp9O2I8eLJaQTiCgCNBrsI81XJaQbTJfCdoooIMUpSaQMP4fClTAkIMOAnaQ46VgC9pUhIMKBHaQa69eClLtfIsQb4aQ13geCNjPhIMhkhbQTvSgC97vbIc92MaQF65fCtq7aI8xF4aQQ4cgCBmHbIMnsXbQ6H5fC9NSZIcAWoZQi74fCtMtTIsASmZQZNOgCdoGRIMLKDaQJnRfCdSURI8rmEZQnKseCdBOUIcN8lYQWxGeCdgkRI8vyFYQ3/reCNB7ZIs3WnYQ1HTfCBKScIcsxIZQEmXeCReLqI8BRoaQR7oeCJZWnIM8H1ZQWROgCha2lIM4UBbQQiDeCpmGfIcbTlaQqFygCB5wZIMAuOaQYpYfCViIXIMLO+aQcXvgCpT3XI8TfVbQs8pdCdtlTIMUbcXQVpHeCBzkNIsYUFYQ06MeCtATcIsZHOYQISUfCNQrgI8p9KZQ S_000001
Ls0JdC9Z1eIsmzzbQMTJcCp4teI80RRbQl+6cC1bjhIsoJdcQGfgdCpPtYIMUJ8bQiDWeCt8SXIMdOecQ41ZeCRoTRI8zTgcQSUzeC5qRPIcnK3bQf5EdCNnjOIsDmncQ1sucCxM8OIcmGTdQWoJeCZFTKI82tvbQRPZdC5C9II8QiYcQVOPeCN4NGIMdr1cQcZCcCdQnAIMhOwZQUVlcCNk88H8MlUaQ7ajcCxqOyH8XLWaQxPGdCFcXBI87a0aQ/+AdCp0qGI8JWsaQYyfcCRFIJIszSIaQtC9bCB0BGIs9FnZQ3QcbCRCgHI8awEZQX5lcCdAmOI8siLaQ0BLdC5eXPIs3YwaQS8cdCREwKIc7kGbQAOWfCJz/YI86aZcQTJ9dC979YIcnT8cQLnGfCV7eQIcto6cQ5UPcC9uZQIMtJWcQ972eCZfAHIc7AqbQ/3fcCJ1bGIsalVcQuVbeCtfiCIsXoqcQg0qbCV0J8HsHiaZQjF7cCl0ZuHMzrvaQIYKcCxJEuHcs79ZQa4ZdC1+WTI8oQ9aQ S_000001
LTgBWCN7I8HMQvkdQRWtVC5I/CIsVDMdQD8WVCNbP6HMnjOeQo8uVCxUFyH8azGdQTCDWCJbjnH8bjUdQ9Q6VChAkfHMuiwcQqO2WCVeRiHs+5OcQlxjUCJWdfH8NyacQrPsTC5GKYH8nEvcQo+NWClJmhHsTXmbQTp4UCh3CcHMLRtbQwoAVC5K2QHsDvobQN25UCxxF2Hs4rhZQUk0UCxaWrHs20qZQQIUUCNvJlH8jEMZQTCNVCFU6mHcpePaQz+rVCB9VuH8S1qaQBN0VCp7M5HsSClaQrcaVClKx9H8Oo9ZQpfdVCFEqDI8e2yZQt3WWCx4B+Hsa/IbQFXiWCln+1H8SWjbQfEJWCppQsHsTETbQQA+WChsanHcrMfdQeMcVCZZilHcb1rdQVHFWC1kxXHce+/cQd4BUCVRKnHMRXccQATyWCtqrcHcPhPbQchGUCVRTeHc0TWbQvaOVCBuEPHsETKbQbykUCxCh4HMlEFZQjgOUCpNRdHMryQZQQdBUCZJYoHcFWwYQET9WChz32HcltDcQ S_000001
LOGJiCd5P6HsHzffQ69TiCRW4uHcv6YfQ+RhiCFlWBIcn4JfQ8FXhChQw7HczLXfQbMBhClchCIMyAlfQ65igCRrLEIcG5BfQnJIgCdYa/Hc6f2eQ4O5gCVcZFIM7KYeQi/HhChPnKIcrTZeQOk5fCdIBAIMznKeQrKVgCJQvEIseQ4dQrn1fC1WUJIch62dQLNkeCl9/mHMD6PcQ37LeCRFAxHc0YacQchleC5GH3HMyG7cQKtffC9B3xHsYwSdQdq+fCZknnHsRQMdQWuefCdwBiHsivocQwt3fCxqJYHsslecQRHdgCpw8kHc1UrdQmVegCJuftHcZtDeQSLEgCJ/l1H8Le2dQvsvgC5RsBIMjaBgQAOYhCd0uFIclFsfQ10RgCFUpHIcETPfQlpVhCt+5CIM3WSeQcI1eClR1AIsNnFeQ2uggCZpLEIsvUXdQLoGfCJgwIIMFphdQ7acdClzq0HMnAFcQZHffC9TgUH8y1EcQudRgCBOYUHMCqwcQJEzgCtqKuHMCEgeQ S_000001
LR11hC9sQMIszoIeQ2mPiChMkHIM6o+dQ5jFiCZMyQIce2geQ7rshCFtwOIsIHbdQSfRhCJkFTIcKaUdQo3FhClIpSIMj+lcQR9tgCtXuNIscagcQIlshCVcCSIMDWJcQtE9hC9TJXIsgx+bQfv5gC1OQLI8sd5bQ03ZhCZh/OIM32jbQlBEhClSaSI8zQHbQVvmgCRnIuHMDufbQ7LSgCJXp2HsqIQbQprYgC5IfAI81OYbQNv4gCBgKBI88P0bQGqQhCFNc6HccCHcQ10GhC5RyvHcZ97bQK1bhCJjanHsQKMcQ//uhCRLu+HsdIicQ0YphCBwhEI8qmecQr3IhCBI5FIsWeDcQQn1gCp0zSIMHxpdQMEihCRS2WIMxKcdQwQ0gCR1WWIMDPfcQXYHiC5n6PI8SjYcQtSfgCNgqKIsHwibQacyhCB1/MIcfaQbQGG4gC1yQQI8ACvaQejwfC9R50HsDa5aQZxThCBx+fHsmZDcQDmzhCFLkoHceDhcQhq8hCFteHIMoOwcQ S_000001
Lba4SCd3ELI89RaSQX7rTCJgZOIMjVVTQ5BFTCxYlLIc0o8QQ+MFTCJ37EIMyH0SQhJUSCN0wAIcdKOSQEHaSCtJi3HMfuETQh22RCx+f5HMOMZUQdo0TC9D3zHsu2XTQSmYUC5VPuHsntRSQ2llSCBPlzHMt6WVQSGmTCRKzsHMIxlUQmgFTCZwkiHMRURUQwpOTCB9H7HMNbVWQPJsTCFfO3Hs5LkXQNBlTCxkmtHcep1XQWnQUCNwL+H808NYQCOYUCFWREIsrjEYQrr8UCxnfHI8jbhYQda6TCdEVGI8dj5WQDBXTCp74CI8taCWQZ7QRCddACIMg6HSQkzrSCxf2/HslQNRQg83RCV2axH8XWfSQJuhUCNde6HcBLjTQrN+RChOCuHcv28VQ0ahUC5WJrHMuJJVQ4U9SCFdWeHMmDHVQESDVCxaZLIslNbYQ+VRVCdUAGIsWQ9YQkbAUClpmKIs+2pWQRU/SCZpWEIsAZEVQ S_000001
Lc+DbCRVpSHsg0aTQ9NTbCNatdHsOe9SQs8ubChadJHsKMxSQXHbbCdDFSHcmC+UQlnZbCt5/HHcgQnVQ8+gbCZWdJH8JCHXQCieaCNVfQH8opmXQ0TycCxi4OHs5YlXQLf5dChmxHHcyHgXQc1+aCZWRWHsw3WYQBuWcCF7jRHcWHgYQHFQcCpwkIH8DK7YQlvCbCpq/hHMUQNYQAALbCNgQpHsASvYQncObCt/BmHcPgUZQixObCpF0zHsuymYQf8KbC1HX3Hs6r9XQdyObCVo9AI8KeyXQPtCbClZMwHcS42WQvA/aCZYslHszyHXQV9daCxHwDHcn4XVQyqOcCVOADHcm9PVQTKebCxuQBH8vkgXQ6MFdCBWzVHcWE+WQktYaCN4WVHc6O0YQ+VEdClM1WHsqmwYQYo9bCJs6KHMuWYZQRQMbChPgCIsYa3WQQOUbClsYDIsziSYQhq/aClCMzH8Nx0VQqp4aCpl9fH8PvSWQ S_000001
LeJWfClSUMHc8gIXQ1lNfCd5qUHMXZGWQjuHgC5yGDHMKt8WQFfvfCp4SSHM66PYQxy6fC5FJMH8tu1YQusCgCd2UTHc3QcZQ6E7eCRpKaHc2fgZQh5ngCRZGbHsThZZQDUOhCZ++VH8V4lZQ5/UfCVzmkHMWUsZQrGZgCZzjjHMPJ5ZQrRbgCBj6fH8/djaQmFPfC5XCGIcXFHZQS7ifC9niDIMnCtZQOx5fCxi0GIccDNaQ8aifCJ4i8H8rnyZQUqKfCxqS3HMSbOZQ0M0eChni7HcyQnYQ0r1eChqYDIMsGiYQXUkeCJCHGI8CMCYQDJheC1nczHcNiKYQo1qeCNTnqHcDagYQjiEfC5TXsHcoBKZQkdDfCJd2GHsRp6YQBtZgCZf+GHMkiyYQD1HgC59vNHc5+2ZQHHugC1YDeHs+84YQuWyeC1+mnHcOgIaQQCtgCpFzqH8hV4ZQSQRgCx5rlHcsP3aQ9UTfChdBKIMGLGZQjSFgC5STFIMQdpaQQ/5fCJxxKIcCjIaQajgeChqliHMT0SYQ S_000001
LpM7hC5IdaHcEgVZQ1N3hCVEYdHsW+nYQVnciCRhATH8m8jZQq9AiCBdPlHM/CwZQQFKiCdPskHcHpcaQZ1OiClC8vH8nZtaQuEphC5sC2H8x3iaQYXyiClOO2HcvUYaQSAajCxtTzHsLfqaQS90hCdgaAIsYXbaQx3kiCJzzAIsIOiaQEutiC58TCIsKzMbQpmlhCJoMCI8cHwZQEDhhCd+qHI8wmoZQYXqhC1T7KIsO9EaQz/ShCllSJIMr7BZQjMJhCx4uFI8Q4jYQ+86gCldnHIsqR9XQcMNhC9dIAI8InqYQ4lbhCxPK9Hs6zQZQRLwhCpqegH8kdtaQPlniCRGFgHsSBiaQ6tUiCR23uH8P2PbQOz1iCd+l0HM+31ZQK3lhCl5IDI8cfyaQky1iCltxDIcYiOaQ4KkiC1eFGIM+lRbQcNzgC5qFFIsCGOXQ1+3gCRojLIc8g0XQ90EhCtBg6HMSWRYQhQfhChjk0H8QpXZQ S_000001
Lw0DkCx1DzHsQFNaQ+f4jCVJDuHszzjZQoQnkC5/3uHsDdnaQ6YMkCpRh/HMg1GaQMRXkC1V9BI8/yfZQMqTkChl6HIsUnlZQlDnjCRRPJIcKIrZQSMikCZyJLIcLg/YQ9IPlChgvLIM6hAZQgmdjCFbyNIcHDSZQCcIkCBqRQIsK2FZQZyXkClosTIcBbmZQerPiC57zTIcQqaWQ+mjiCxSjWIsukYXQ3R3iCFTlUIcfaOYQpG1iCh4OPIMFvOYQJKiiC9p5LIMVHiXQ/LOiCdFcOIMgvcWQnM6hC5IzLIcBvdVQo/miC5DnGIM344XQzz8iCF70GIcLagYQZFGjCF+8LI8r0sYQd13kClEvAIcgyWZQsnBkClGeAIMJtGZQnZokCZmxIIsTMBaQKTbkCtaPJI8yjgYQybKjCtn9QIc8ChZQnSIkCR11SIcPQpYQ5CFkCts7WIcmXoZQYAkiCZn7aIsIBTXQLishCZ70NIcittUQt44hCVmzHIMXoeVQzWGjCNqPDIs5hyYQ S_000001
LB6SgChiirI8A2MQQFnDgC9m1pIcMV3OQ9GegC1g9nIMOneQQ S_000001
SCORE:    28.414        28.414  0.644       0.669          5          1          7          6          5          1          6      1.000       1.000      1.000    S_000002
RES_NUM R:107-110 R:112 R:183-184 R:208 R:211-214 0 S_000002
FOLD_TREE  JEDGE 13 1 4  Y    C2   END  JEDGE 13 5 5  Y    C4   END  JEDGE 5 8 3  C4   C2   END  EDGE 1 4 -1  JEDGE 4 6 1  C4   C4   END  EDGE 6 7 -1  JEDGE 7 9 2  C4   C2   END  EDGE 9 12 -1  S_000002
RT 0.885002 -0.428247 0.182694 -0.465097 -0.795141 0.389147 -0.0213837 -0.429366 -0.902877 -1.33414 6.56562 -0.322811   S_000002
RT -0.854485 0.429339 0.292445 -0.137683 -0.730005 0.66943 0.500899 0.531753 0.68289 7.26876 6.18339 -0.462528   S_000002
RT -0.986727 0.156581 -0.0430278 0.159857 0.983219 -0.0878944 0.0285431 -0.0936062 -0.9952 6.20795 0.0678787 0.0922022   S_000002
RT 0.865661 -0.338813 0.36856 -0.394558 -0.914866 0.0856972 0.308148 -0.219603 -0.925645 3.95714 -4.02519 0.109393   S_000002
RT -0.616481 0.747536 0.247265 0.765227 0.642786 -0.0354199 -0.185416 0.167378 -0.9683 11.457 0.174246 17.6445   S_000002
ANNOTATED_SEQUENCE: u[URA:Virtual_Phosphate]gcgg[RGU:Virtual_Phosphate]a[RAD:Virtual_Phosphate]ac[RCY:Virtual_Phosphate]c[RCY:Virtual_Phosphate]gcaX S_000002
CHAIN_ENDINGS  4 5 7 8 S_000002
LL1bgC9ogrIso4HQQpIJgC9aDmIcrdKQQrz+fC1KNwI8po2PQUL2gCRBasI8L+dRQ4oOhCJ7HxIcCwqRQhwqhCtQtwIs9i5SQITKiCJTksI8y2sSQXcUhCx9FvIc67LUQS8AhCh4lzI8q+yUQBQQiC98opIs6P5TQJ45hCt03sIsVx+UQ8nViCt+0wIsWRfVQu0/hCdP/jIsUgvTQBYJiCVMagIsMuvUQXqdiClWnhI8pcvVQl85hCtfUbI8MzkUQmGjhClrfZI8mIfTQTwXhC90zUIsVieTQ4LahCpSbdIscudSQW1ohCpnbiIsP0nSQuyghCVNuxIcWg4QQcM7gCdzK0IMPgxRQJ33hCNnw0IsJiBTQEJ6gCR1OsIMyZCUQ6/xiC5jRpIcrUMUQapvhCltoqIctx3VQAatiCdXFvIc+u/VQu3/hCpAuYIMuAUVQ3kHhCFhTcI8PnkRQB9hhC5+ZlI8yu1RQ S_000002
L2TVgC5K9yIciHnVQ1h5fCZweuI8PcBVQ4oAgCJEQ4IMPbvVQGdmgCRuNxIshZDXQZDHhCR3P0IcFAtXQ4GZhCNBUxI8/AdYQyNzhCpu0sIMK8PYQ083gCJ10uIsFZ6YQjslgCFC3yI8S+UZQ8sthC9hioIMZKtYQAWThC1zxqIsRMSZQinthCBdKtIcWqxZQ43ThCJ4gUIsalwYQYDqhCp2sXIs1PMZQX07hC1WLVIsngtZQJeuhCFY8cIso0HZQqoahCRtxeIMfUkYQL2DhC5o6bIcuRGYQ0o/gCZAUWIcHuLYQRksgCNY/SI8U2qXQ0S0gC5BUfIsf7NXQFzBhChfCkIcdLkXQmcZhCJNBkI8EQXYQPOhhCVpG1IsfDAXQdJ6gCt/H4IMjBBYQiiqhChwa0IM90uYQdqcgCNYCtIcCVpYQZoLiCZw/mIcA86YQVLAhC5I0nIMVujZQg9+hCFnVqIcoRAaQnGShC9VnQI8Ec3YQ+iMiClFQXIchLDaQcZ4hCBeORIcIvwZQI36gCdosnIsze/WQ S_000002
LebvfCZu5xIsyHpZQL3zeC1DNwIMr5GZQunZfC1Lc2I81aFaQDoCgC9i1sIsOYGaQNGIfC5C3oIMVDPaQg80fCVeMkIc+DkaQlrUgCh3chIsBwEaQty4eCxX9fIc+50aQgOaeC5lihIMhqdbQLsQgC5u4bIcopKaQ1nzfCFRIbIciY1aQ2AZgCdMRbIMCuVbQ8I2fCNucZIMJslZQJs0fC1s3TIsrwjZQMGLgCxyPRIMyGBaQqXOfCRRgRI8ZsBZQJEreCVabUI8GiiYQLiGeCZTzRIsfBCYQtNseCZaIaIsxzjYQGWSfC1EecIsdnFZQ1xVeCVddqIMSDkaQlyoeCJ+lnI8XMxZQyOMgCxFBmIcUw+aQbL/dCZzZfIs+HhaQmvvgCJ+1ZIsXSNaQyKRfChVXXIM+N7aQnJrgCJp+XI8UBUbQmTrdC1l1TIcfIUXQjdGeCtjzNIM/pBYQO5OeCBlhcIs8JKYQBeUfCJI3gI8btHZQ S_000002
L+xBdCdNOfIMQ8ubQx2CcChpJfIcQrLbQorxcC1O+hI8SCYcQ+jWdCF9EZIcLs3bQ+LKeCBXoXI8waacQGbMeCd6oRI8LsccQkTneChUkPIM05zbQeg2cCRP+OIcXDjcQIZecClVZPIMCSOdQix8dChFoKIM5FsbQjLKdCJFWJIMqXUcQQI+dCxdkGI8vMycQTK5bCxCBBIMMTrZQJ4ZcCB7t9H8iGQaQ5lWcCJbAzH8kzRaQHA6cCJ+uBIcuPwaQuZ2cCdaCHIs8+naQJfXcCprgJIcufDaQ2i1bClobGI8a+hZQouWbCN56HI8zO/YQKxecCJS+OIcorGaQRXCdCtguPIMl7raQxHSdChpGLI8ubCbQi9KfClMRZIsaUWcQ9SwdCppVZIcRK4cQWw3eCtOyQIcNj3cQqNCcCxG3QIsm8QcQ5hpeCZoSHI83/mbQWXQcC9Q4GIsF0QcQG3JeCNF4CIskYncQA/hbChG/8HMkZVZQgmscCZIKvHMIoraQaL+bCpp3uHs6U5ZQOlRdClbtTIM/34aQ S_000002
LwsQXCZeO2HcaSpdQqU5WCR8OAIMdOUdQpKtWCt8pzHcOKUeQwR4WCRctsHsToJdQnrNXC9Y9hH8voTdQzK+WCJYmaHswEucQKf0XCdL1dHsK0KcQNUkVCt56aHcVFccQvwvUCxNVTHsHqwcQXfFXCxa3dHcUCkbQ6IxVCVJRYHsVCtbQZW3VC5oKNHs4MlbQMHdVCBzm0Hs/KpZQccYVCFYvpHcXnvZQNZyUCJLGkHsswQZQBn2VC9UrkH8M1RaQVtaWClCnrHMostaQc4iWCJVi2HcBfqaQ0+CWCBhx7HMnnFaQwCFWCdSvCIMvU9ZQI6LXCVTu6H8GDObQpFbXCFSPyHsYnlbQcS+WCxY1oHME6TbQ8NKYCVrmhHcprbdQfuqWClMlfH8/4rdQJ5KXCF+jSHsO46cQbfDVCRcmiHcYJhcQNZlXCVwUZHMReKbQyh7UCdI8aHMJ8YbQ6y/VC9s5LHsl4FbQXhDVC5eh3Hs/QOZQN5sUC98JcHcmlTZQtZbUC10ynHcX22YQgd7XCBRkyHMv4EcQ S_000002
LRb7hChuX6Hsb/gfQzwFiCRR9uHMKgafQxnUiC98WBIsviLfQ2uJhCJrD8HMsMXfQYF0gClIuCI8oZkfQp0WgClDbEIc7iAfQXm3fCND//HMEp0eQcQugCd/kFI80UXeQhn9gCJAxKI8brYeQF/ifChpTAI8UgIeQZ3KgC1S+EI8Sm2dQeNifChgmJIsCi0dQVUQeCZ2onHsoINcQFy4dCxYsxHMaNXcQRlReCFDy3HcGJ4cQlAKfCZRcyHMphQdQ9AofCVzIoHsngKdQuDJfC19kiHcFtmcQCUhfC5YpYHsq9ccQT5QgChgYlHMBTqdQiESgCRb8tHcWmCeQ4bxfChOI2HcKq0dQZzhgCB57BIsV6AgQyULhCZ54FIcm7rfQ82FgCxF7HI83dNfQvfKhCp9BDI8APSeQgAfeCxxLBIsprCeQ3HXgCJaYEIsN9VdQnF0eCp6EJIc4uedQRuKdCNqb1HcYPBcQeeJfCtoBVHcv+CcQ4mFgC1uzUHswkvcQFLmgCl5juHszafeQ S_000002
LqBshCBeUMIMhCJeQBdFiClnkHIcbw/dQCv7hCtr0QIcJgheQiPkhCxU0OIMKQbdQFvJhCFQMTIMI0TdQOJ/gCJ+vSIsuIlcQjxmgCt+3NIMxIfcQmbmhCx1DSIsRbJcQGy3hCRZIXIMjH/bQJKzgClYXLI8Ei4bQxOUhC5LCPIMoljbQEe/gCpyeSIcRaGbQEUegC9aauHM51ebQUpKgCFO/2HsmrObQ7kRgCtdpAI8SzWbQWDxgChtRBIMkizbQKDIhCh7l6H8b+GcQQ19gCB39vHsNz7bQh8RhCFAinHMilMcQrAmhCxAy+HszticQ+GhhCdNkEI8t7ecQgZBhC9w+FI8XBDcQ4VtgC5c+SIsphodQPlahC1J7WIsb3bdQmJugCRlfWI8Y5dcQInAiCxN5PI8aTZcQKLZgCNP0KIscOhbQKAthCJB/MIcQxQbQM2zgCFGWQI8e9taQdVifCNLU1HsMY3aQIpJhCpvHgHczuDcQRSphCxAnoHc2AicQ7U0hCxSfHIMe7wcQ S_000002
L0XwSCR/qMI8IlITQ0QpTC1GuPIMHeCUQIJ1SCVbkNIsP9qRQaN+SC9obGIcLoaTQgZJSClfcCIcHm0SQeDTSC9Rd6Hs7/kTQrN3RChwu7HMqA9UQViuTCtik2HsKYuTQ29LUC98hxH8+liSQpdqSCNlR1HMJQzVQ0/lTC1Q4uHsBT5UQq5CTCJy3kHsRRiUQsTZTC5tP8H8J8xWQE/8TCZEr3HMIq7XQhg2TC9c7tHcfPEYQeomUCxsH+Hcb1ZYQkitUCtdTEIcJ8SYQkTXVCZ6QHI8a0vYQGgJUCF/sGIslgbXQu+gTCx+gDIMfBkWQSHGRC9EvDIMaa1SQnWbSCVD4BIs5KxRQwUtRC5fs0H8Se/SQ9/cUC57C9HckV5TQ27FSCdmcvH8KWZWQG8jUCBF5sH86jWVQx5+SCRdNgHcmIWVQchdVCZWNLIMPcrYQXUwVCBYiFIc2zJZQc7OUC1CCLI8d9PXQfZETCBuPFI8r7pVQ S_000002
LFIBbCFzWTH8SyQTQoYSbCJKYeHsDizSQ07rbCBpEKHs3YoSQt4VbClaySHs8h0UQiNSbClouIHMi8dVQ0hXbCdxNKHMM19WQKOVaClkYRHcVubXQtxocC17fPHsA8dXQ/LvdCZUQIHM7faXQDk0aChkIXHcCtRYQeaLcC9ERSHMgBcYQsbCcCxPUJH8wF3YQnV6aClz1iH8k/HYQI5BbCpbHqHMMBqYQFODbC5i6mHM1TPZQsVHbCZBq0HsrchYQ5yFbCJVL4HMC2yXQZLLbC5TXBIs0dnXQYV+aChv/wHMgCsWQY+4aCNtgmHcgH9WQpaWaCxqlEH8tSNVQRLHcC19nDHMuAIVQuHTbCxPCCHM2fXXQaa9cCxVXWHMi52WQ1+MaCtSUWH8AouYQO54cCxsdXH8Y+sYQ46ubCp9tLHcXCUZQ4YKbC9Q5CI8hSsWQfBQbCttyDIseCNYQJM9aCJ89zHMbzpVQzJzaCpSxgHMTEIWQ S_000002
LU6MfCBKnMHsV8EXQ35GfCd88UHMPcCWQTrCgC9fSDHcUs6WQ/7kfClAlSHsDWOYQYvtfCZ8bMHcYW0YQFb3fC5coTHML6aZQ4wteCxYnaH8eMeZQqbhgC9zQbHs/7YZQCPHhCN1AWHM8PmZQHZIfCh+AlH89LqZQDbSgC1bzjH8yG4ZQ/YTgCJ+LgHc3giaQx/IfCRqOGIcpaEZQgdafCpwuDI82pqZQtmwfCBJAHIcC2KaQ3aYfCxl78H8nWwZQjtBfCNVs3HcQ9LZQ5lteCt187HccfkYQSrweCNglDIc1NfYQVdheCVCUGIsNF+XQH5aeCxp3zHsdpHYQ9fieCRaCrH8+udYQOe6eCtjxsHMmnHZQ4j1eCZSQHHcyr4YQU7SgCRYKHHca4xYQ4w/fCR0DOHMsz1ZQ7kogChhKeHcMf4YQY0keCl1GoHsP7FaQazmgC9z9qHsJr3ZQ3QJgCRxAmHM1+1aQlPOfC9bNKIsXdDZQQu/fCJqeFIcNenaQh/xfC1M9KIcvPGaQF4XeC9VBjHsCIQYQ S_000002
LNw0hCxPTaHsR3WZQbAyhCtpMdHMLOpYQuXViCxZvSH8DLmZQgj6hCZhFlHs8ZxZQhmCiCphikHcSNeaQSpHiC5/xvHc27uaQ3gihC1JB2HsRdjaQECsiCNb61H8VnaaQuDTjCpW3yHctutaQIOvhChDYAIcVGcaQUAfiC9vrAIcpDkaQ0CniCZ+LCIcxyObQ6FhhCF2KCIMjdwZQEYdhC5fpHIcutoZQUbmhCxc5KIsgMFaQIbQhC1vRJIs5rBZQJ5GhCZcuFIs8fjYQ2v5gC1tnHIsHy7XQgDKhCJxHAIsVdqYQ0XXhCddH9HcRBRZQ2DohCJJcgHsKeuaQ5rfiC1l0fHs1UkaQYqMiCdQuuHMdhRbQrKwiCpfP0HcjR4ZQK7fhC53IDIsTzyaQ8uwiCREnDIc0sQaQC2diCdw+FIcbRTbQ7PygCVPGFIsHYMXQ2W3gC9FkLIcfsyXQY7BhCpUf6Hc8ERYQ5WahCdUh0HcnCYZQ S_000002
L3h9jCRzbyHsuTRaQO3yjCRpbtH8B2nZQeFgkCh3IuH8BjsaQc/GkCJv2+HsKHLaQeCTkC9rlBIMISkZQJBQkCpejHIcv3pZQtdjjCtr9IIMEUuZQl0fkC13vKI83BEZQNzMlCZMQLIsjFGZQaJbjC1QhNIsV6UZQTjGkCx+6PIMfpJZQdjVkCh9UTIsTfqZQGERiCtioTIcyicWQZmkiC9TWWIM/ObXQ3O3iCZ4WUI8VPQYQsZ0iC1xAPI8+oQYQ4vhiC1DtLIMIOlXQb5OiCN8QOI8N0eWQ2U7hC1kpLIMiBfVQTrliCtOaGIcDe8XQNr6iClbmGIMRsiYQ6REjC9ptLIcaMvYQ1pzkCVQTAIsJEcZQNz9jCJZIAIszuKZQxNkkCtuYIIcx5FaQwaZkCxg1IIsv+kYQgBIjC5JvQIMdYjZQPYHkCZYeSIc3/sYQoKDkCJUmWIc86rZQ5lliCheuaIsFfVXQHeuhCRWsNIs8RuUQUh5hCFPqHIcVDgVQRXDjCFiADIcbH1YQ S_000002
LL1bgC9ogrIso4HQQ75MgCx50pIMrLsOQ5YmgC5h6nIs9VaQQ S_000002
SCORE:    33.924        33.924  4.076       4.384          5          1          7          6          5          1          6      1.000       1.000      1.000    S_000003
RES_NUM R:107-110 R:112 R:183-184 R:208 R:211-214 0 S_000003
FOLD_TREE  JEDGE 13 1 4  Y    C2   END  JEDGE 13 5 5  Y    C4   END  JEDGE 5 8 3  C4   C2   END  EDGE 1 4 -1  JEDGE 4 6 1  C4   C4   END  EDGE 6 7 -1  JEDGE 7 9 2  C4   C2   END  EDGE 9 12 -1  S_000003
RT 0.885002 -0.428247 0.182694 -0.465097 -0.795141 0.389147 -0.0213837 -0.429366 -0.902877 -1.33414 6.56562 -0.322811   S_000003
RT -0.854485 0.429339 0.292445 -0.137683 -0.730005 0.66943 0.500899 0.531753 0.68289 7.26876 6.18339 -0.462528   S_000003
RT -0.986727 0.156581 -0.0430278 0.159857 0.983219 -0.0878944 0.0285431 -0.0936062 -0.9952 6.20795 0.0678787 0.0922022   S_000003
RT 0.865661 -0.338813 0.36856 -0.394558 -0.914866 0.0856972 0.308148 -0.219603 -0.925645 3.95714 -4.02519 0.109393   S_000003
RT 0.295643 -0.910929 0.287756 -0.0973085 0.270938 0.957666 -0.950329 -0.311129 -0.00854008 11.6723 -1.81077 14.5087   S_000003
ANNOTATED_SEQUENCE: u[URA:Virtual_Phosphate]gcgg[RGU:Virtual_Phosphate]a[RAD:Virtual_Phosphate]ac[RCY:Virtual_Phosphate]c[RCY:Virtual_Phosphate]gcaX S_000003
CHAIN_ENDINGS  4 5 7 8 S_000003
LVKggCJ4QvIMxnsQQEUEgCVGdqIMhhqQQpfMgCFAr0IMJ8rQQZM+gCZA2uIMHu+RQE1ehCFTryIsP+NSQJA8hCd8+wIM0nWTQe3SiC12MsIsqg+SQlGmhCFrdvIMV6pUQrcchCR6F0IsUlaVQn6ViCl1roIsQAFUQwMIiC5O9rIM0kSVQ+TriCBD1uIsitzVQlh7hCNVtjIcIA2TQ5gAiCJ4ifI831uUQeeYiC1SvfIcARsVQ2DohCBHGbIMFUfUQ3TMhCdLaaI82ibTQg44gCRALWI8aIWTQ2hIhCx85eI8G7hSQ9CghClNTjI8DpwSQk6vhC9yGzIsv0ZRQElRhCBEH2IsafcSQzPQiCZmg0I89IiTQZGHhCJbdtIsS5gUQQt2iCZsSnIs6fRUQSH8hClarpI8uqJWQmYAjCBtRsIclONWQqtqhCp9FYIsiVJVQDkygCBBteIc74qRQUCdhC9atmIsfeESQ S_000003
L8kygCNMT0IMcAVWQweRgC1z3wIc/atVQHNogC5K85IsJjoWQkJDhCNrhxIM1BrXQTophC56TzIsQgJYQPd4hC1QdvIsPAsYQa+IiChrkqIMhfZYQnrVhCBpitIcMPKZQs3MhCRzlxIsXIpZQV39hCp4KmIcn2zYQQpqhC9ejoIcBhcZQugKiCtKvpIM9K7ZQBMBhCtoYTIM29qYQeQehCBfgVIsOyGZQkMthCRbISI8dZkZQeorhClTiaIcK0FZQRTZhCRAVdIsNqlYQTE8gCNjkbIcSxHYQTUugC9DLWIsEeJYQSYUgC50wTI8gNlXQ99wgCxWtfI8HEZXQXRHhCtAyjIc5ozXQLqghCN7niIsrmcYQQJDiCVUvzIMuFjXQSskhCJ7R3I8s4XYQtHQiChtwxI87Z+YQe12gCNWxsIMVZ6YQPHZiCBhrjIMJy9YQj2ThCtW9lIMnbtZQJSXiC9IVmIchGGaQo84gCxmjPIsvFvYQZlCiC5sZTIcJ85ZQSBjhCZHWOIc3BlZQV3FhCBCxnI8fwVXQ S_000003
LNwfgCFQoxI8McAaQwC7fCNrPxIcL3fZQkGfgC1j81I8qwgaQSOjgChlBsI8W1YaQE59fCN33oI8POhaQjyNgCFTdjI8BuwaQZVggC5pggIsAYNaQ0IUfCZj7fIcz+AbQSYBfCxAVhIcg5rbQV5SgCh0IbIsXiPaQFK8fCNacaI8OY7aQGyegClXTZIMQ1YbQINufCxk2ZIsW/qZQAnYfCx/eUIMvFlZQZpzfC51FRIcT1+ZQTcmeCJdKTIcBQDZQXfKeCZZ5WIsLAoYQcVZdCNyRVI8OcHYQ1JgeCpiZcIc+WtYQUASfCNwsdIce7OZQVaVfCRj0qIsha5aQcBXfCN7doIsLDEaQrDkgC50YkIcI+KbQfiXeCFybgIcJevaQlntgClESYIMM9NaQU9NfCZRLXIsG8/aQubqgC9MpVI8ILTbQOADdCtX8XIs0rkXQA8KdCh9ZRIccLEYQA2IeCRmdfIsZ7WYQRCkfCR45hIMfGUZQ S_000003
LHVldClZCgIM/N/bQtRjcCxpShIcl7ebQH3kdC1rXiIc4rqcQaukdCdRrZIc2hCcQzSWeCF8GXI8KrhcQyWDeCd6ORIczefcQtxQeCZNaPIszV0bQSGncCJ5tPIMCnncQBzWcCNu3PIcw2TdQJvUdCJuSLIcM3qbQPNkcCBDMKIsVGUcQEtQdCNJZGI8BatcQDmhaCZYeFIcm3pZQRg+aCBbcCIseYLaQQZoaCpSi6Hc/UJaQtNsbCRlXEI8C9raQnl6bChPrJIs+wnaQQmgbC99+MIcstGaQmNwaCJ65KIcUtkZQ1BTaCR5ONIMvqEZQWn7bC5OJSIcbhNaQPylcCBO5RIc4dxaQthncCtF5MIctvDbQ/mafCRW4XIM79bcQGGHeChstYIsPjBdQv8teCxTdPI8Rn3cQDo4bCZ6fSIMdTZcQnrzdCZWhHIMrbhbQ+sibCd0nIIcpTRcQUgNdC97yCIM9efcQjL/ZChhoDIssUTZQvS6aCNxg1H8blgaQOEGaC1p13HM9mwZQcgEdCdVYVIcNiAbQ S_000003
Le4KVC1lOAI83nLdQ89LWCJ983H8jHSdQyI2UCxO8DIMIQvdQUUnVCtVuDIcNbjcQKuxUC521HIcsRTcQaKSVCxq9JIcrApbQhqRVCBkrFI8czJbQqstWCt17LIsdkpbQQ8wWCVgaRIskH0bQwzeWCZVsFIs79xaQPRMXCBM6KIcZH8aQ2E0WCVD/OIs1PfaQsamaC1eK2HsrCLaQDNJaC9a1/H87/7ZQVS5aCdfRCIsPKeZQFACZCJWUCIcpHJaQopZYCJJx+Hc4VnaQB7wYCBXE1Hc0j4aQxn8ZCZYCwHc15paQV+aaChBWnH8Un1aQxI2XCtmtxHsJ7WbQyb9WCJmd5HsXMXbQ9nPXCF30AIcnQ7aQe03TCp9aGI8WUPcQQvvUC5vxKIsTDocQRYnUCJlVNI84yhbQo2VXCJo+JIc83BcQKtTWC1ApFIceOPaQYXSYChduKIsCp5aQHuJXCNYGOI8Z+BaQvUdbCZGYzHs29+ZQahnaCBXzFI8Z+RZQp/ubCpBhAIs8+TZQzjEWCpYf5Hc+/rbQ S_000003
LZLahCZOtrHMUiDfQKnZhCh1PgHcZD4eQVv4hCBtBzHclFveQ0tqgCFVSwH8nx+eQB6egCpIN6H85KRfQmJDgC1qBAI8KZxeQrWAfCpwO5HsoukeQRUZgCZiEBIcuSHeQOnxgC1FrFIsyDLeQBrneCNfl7HMpE6dQSXnfCBQ4BIsrepdQrhFfCt8FHIskCtdQljacClh5oHcvO6bQl8WcC9TBzH8x5IcQWP+cCV6X3HsysqcQewudC90AwHMFf+cQqv4dCtaXlHM2dzcQHCMdCBOxhHs8RPcQ8mQdC1VvXHM+8AcQPKweC11RgH8gePdQa6EfC5o3nHsxlqdQxZgeCJgjxHcm8hdQMpNgCx834H8rYvfQTq7gC9h5+H8R6YfQ1fzfCFOtDIMCPCfQd5vgCt+z7HsP79dQy7ndCpvR/HMv53dQR14fCteaBIcMmHdQz8TeCR7fHIsFDZdQw9tbCd3e4HMle2bQPkvcCRWkVH8z5mbQh70dCZjYSHcQMQcQC4wfCZ5mmH8dpFeQ S_000003
LSgghCFDJGIsjn4dQWJwhCFT+AIcbvpdQJb5hClkwJIsHySeQUaahC5FZJIsHsNdQg9HhC15cOIsUzLdQ405gCV+7OIsaGecQiBZgCVZ8KI8RvWcQu/chCtQlNI8Xr+bQmQ2hCtMLSIMgn2bQTEegCRdsIIMbitbQ7aDhCpVpLIcMiYbQCfzgCJa8PIc95/aQ6MIfCl4EsHcPPHbQIKveCRO51HMYC8aQcHQfCtjT/HcpOHbQvqJgCthD+HsechbQJMagCBNk0HM60vbQACGgChtGrHspxhbQvJTgCtbYhHs+mtbQU48gCJLR2H86PKcQMHBhCZvVAIcnrKcQs+igCFZ8CI8jyybQ+TtgCtouOIcCridQiifhChwgRIMxBVdQ/gvgC5EITI8vHbcQ3nzhC13jKIMZkKcQ3SCgCFRLJIcdSYbQ5nWhC5hPJIMrNCbQSxigCB4gOIsYHnaQok3dC9aR2HcdimaQT4DgCFF4aHcC3ibQlNsgC17lgHc6NBcQyMahCxoaCIsj+ccQ S_000003
LHPJhCllkPHMBHaYQIGrgCBMMJHsMO0YQHFhhCBlYKHchhtXQk4vgCpinZHMoCHYQiFFhCV1AiHMbahXQcRogC9yvrH8tOdXQA6egClVovHsEXZYQtZ4fCtAqpHcxJ4WQQg6fCdmNpH82fdVQkUpfCxmwzHscmaYQizGfCRqOzHsKCaXQ3XWfCZLw8H8V8rWQ430eCRFdtHM1+5YQ3vndCJStxHspTJZQ4wOdCBTk6HsGt8YQol5cCNE6rHMbzlZQihUdCJDYiHsmYzZQkGkcC1HEdH8RjPaQV0ieCx77dH8bSkZQs+PfChKojHsm9HZQAOjhCJ3DkH8G8AYQRbNhCpRYfH8PYgWQs85gC14axH8Vp0WQOHdfC5A5hH8mELXQdclfCRUL8H8DukYQqJBeCx2HyHcHDWXQDH0eCF+WBIsLWFXQSu2cChD5VHsgQaaQnRtbCRtQgHM77ZaQBX5eC9CFWHcievZQHZGgC1/agHM4r7YQ S_000003
La71XC1rImH8rD1SQyfYYCRswwHc8heSQwVMYCBChcHcIgCSQ7mPYCJkrjHc/xVUQ3w8XCxZdZH8n43UQD2KYCJ5dZH8unXWQWHZXChxzhHcfRAXQcZlZCVP+bHMYN0WQYtcaC5yFTHMwYlWQ7iGYCJDllHMTaEYQbqTZC1HPeHMnFJYQ7d+YCZAEVHsPFhYQ7zfYCF+CxHsOj9XQKm4YCNK/2H8x1iYQCC5YCNu1yHsUnGZQ4mPZCpnpAIsS7dYQMLPZCty6CI8QIvXQRhmZCdvCII8ACrXQFe2YC9uAAIM5UkWQ2ofYChvw1HM/HuWQEI6WCtwRXHcSlpUQXulYCR6XTHMryZUQdn5XCBSTRH83hrWQBMDaCtvmiHMbqQWQRXiXCRuElH8NiiYQHZLaCtPmhHMczZYQsjzYC57IXHcch/YQIXnZC5/7JIMinyWQbN3ZCJk/JIs8KQYQLW2YCVk6BIcE4kVQlQMYCZ8DxH8o11VQ S_000003
LTP+bCBUFVHch+KWQg9CcCpDPeHMclPVQnzjcCNupKH88G1VQU/lcCdzCZH8bQkXQPiocCFn0RH83NVYQo1DdCBWgXHcGq9YQxGJcCFgLgHM6qGZQdlaeCxj7cH8RL7YQRecfCxGcVHMGLDZQjJ3cCN2OpH8bLVZQztQeCdGMlHcigeZQyqReC9/egHsjLHaQAS5dClaQIIMBA+YQ7UGeCtMFFIM0WhZQKwreCRjhHIsrsCaQWRydCdC2/H8vRjZQEFOdCZmW8HsuQ+YQI+8cCp6CBIMNiZYQNVTdCBThGIsWPYYQCFKdCRjzJIMl71XQWlYcCJ5h7H88m1XQUFTcCRHKyHMSLNYQv9ycC5ZEyHc3T2YQDNpbCVLMOH8vFaYQOXVdCNdQLHsvZOYQLgFdCNdJRH8H9VZQxbpeCRGPgHMfabYQZsdcCNacsHs2XzZQTGFfCxYDrHsi5eZQu6KeCFLKmH8ifdaQBfMeCl+DMIcht/YQ0v4eCNOdFIcOVdaQbo6eCp6ZLIsk8AaQzp4bCB+BrHMed6XQ S_000003
LRVdgCV6jXHsXfxYQbRagCxBwbHcMgFYQMT3gCtZDOH8UF7YQ1VugC5CAhHsoOPZQem4gCBE1eHsbx6ZQ8oIhCtEBpH8bAPaQZWpgCBXYxH8OIJaQkLwhCFbjtHsR55ZQNqUiCxf+nHc3VIaQU0+gCx5T7HsWnEaQ/WuhCtiH5HstjIaQsp7hC14c6HM9VzaQ2bxgChWXAI8J3bZQtG3gCNw4FIcoeYZQekHhC1ZaIIsQT2ZQ33qgC96VII8zE0YQfSZgChyjFIchYUYQ9bNgChlQIIMtMjXQgzSgCRe4/HcS8WYQqefgC52F7HMe56YQ6LcgCt81bHMMvLaQlERhC1IhYHsol8ZQF1OhCRYymH8wfwaQCewhCJmosHsD3WZQ5W2gCpXcAIspeeaQXkDiCpVX+HMn71ZQix5hC1EGBI8BW7aQwFAgCpPVGIsR0xWQG3RgC9jNMIc5UgXQwGEgCN7a7H8Ox4XQVKbgCNiZyHs1e+YQ S_000003
Lgu7iC5OCmH84RoZQfLqiCZ03iHswQ+YQgRbjChNRfH8Ru+ZQunPjC1wvxH8I0lZQqqcjCRoV2H88z/YQGwkjCZv9AIcy8JZQoO8iCFUeDIcdRTZQAX3jCBeJEI8OWlYQ9IkkCNeZDI800jYQ2n6iCxidIIM4G+YQJZojC5jxJIcq4wYQgN/jCt6OMIsGoSZQtt0hCpKNSI8x5GWQBnOiCZF5TIs2nFXQnbfiCxa/QIMbFCYQ3JTiCV83LI8os9XQLJ5hCZikJIsnkAXQrFphCNdCNI8XvBWQTTPhChSdLI8EFCVQ1Q0hCp5KEIMyQPXQ2ZLiChFTDIMfGKYQhseiC9T1HIcHYZYQIj5jCZRTyHs83zYQWvDjCZ4V1H8rQnYQZt7jCRa2AIMQmkZQLsrjCJi4CIM6tFYQztuiCB45LIsBeQZQ+4rjCtanMI8pPWYQ/QzjCVl4PIs0BYZQWNXiCNwJYIslGGXQE3EhCNZHOI8+7WUQ5cGhCpJoHIcyn9UQzoOiCFMq+HMxAZYQ S_000003
LVKggCJ4QvIMxnsQQ3ANgCBiXuIMsx2PQ5mkgChYXrIsf33QQ S_000003
SCORE:    28.449        28.449  0.510       0.499          5          1          7          6          5          1          6      1.000       1.000      1.000    S_000004
RES_NUM R:107-110 R:112 R:183-184 R:208 R:211-214 0 S_000004
FOLD_TREE  JEDGE 13 1 4  Y    C2   END  JEDGE 13 5 5  Y    C4   END  JEDGE 5 8 3  C4   C2   END  EDGE 1 4 -1  JEDGE 4 6 1  C4   C4   END  EDGE 6 7 -1  JEDGE 7 9 2  C4   C2   END  EDGE 9 12 -1  S_000004
RT 0.885002 -0.428247 0.182694 -0.465097 -0.795141 0.389147 -0.0213837 -0.429366 -0.902877 -1.33414 6.56562 -0.322811   S_000004
RT -0.854485 0.429339 0.292445 -0.137683 -0.730005 0.66943 0.500899 0.531753 0.68289 7.26876 6.18339 -0.462528   S_000004
RT -0.986727 0.156581 -0.0430278 0.159857 0.983219 -0.0878944 0.0285431 -0.0936062 -0.9952 6.20795 0.0678787 0.0922022   S_000004
RT 0.865661 -0.338813 0.36856 -0.394558 -0.914866 0.0856972 0.308148 -0.219603 -0.925645 3.95714 -4.02519 0.109393   S_000004
RT -0.589364 0.68979 0.420524 0.747652 0.662912 -0.0395494 -0.306051 0.291096 -0.906419 10.5488 -0.342444 18.311   S_000004
ANNOTATED_SEQUENCE: u[URA:Virtual_Phosphate]gcgg[RGU:Virtual_Phosphate]a[RAD:Virtual_Phosphate]ac[RCY:Virtual_Phosphate]c[RCY:Virtual_Phosphate]gcaX S_000004
CHAIN_ENDINGS  4 5 7 8 S_000004
LvgVgCxeDrI8DcDQQTyEgCB6flI842FQQ/EvfCpIlvIsxuqPQhsugC1JIsIMSZaRQbTFhC53+wIMannRQVzghCFFwwIsee3SQ56BiCVjysIM4WsSQ0UKhCViCvIMuLJUQy20gCR6bzIM1DvUQPNIiCRK7pI8ZP5TQoCwhC9KDtIc6m9UQVBKiCFzKxIMfveVQy75hC5qLkIcVcvTQoKEiCxqrgIsVWwUQVZXiC1bBiIseswVQos2hCZfgbIsuWlUQYMhhCxDiZIsVCfTQrjXhCNZyUIMdeeTQneXhCdzYdIMX7cSQINkhCVUeiIcdEnSQLsXhC5oqxI8h/1QQAuwgCdp6zIMjWtRQbWshC1E40IMSj/SQcLxgCd3BsIsW9+TQk3piC1awpI8BmNUQPGmhCtsxqIcWc2VQdGiiCRmkvIc1PAWQMH9hCNU9YIM6BVVQM1FhCdKJcIs1PjRQkuchCJ8YlI8yc0RQ S_000004
LJBJgCxhkyIc2ohVQX8kfClu8tI83f7UQlwkfCZwv3IMiqoVQC6ZgCFW9wI8Ht+WQu+4gC59L0IsWNpXQjWLhCZeYxIsqlbYQ+SnhCJZCtI82NPYQVlqgCFruuI88d4YQSZWgCFHryIsqgSZQnyihCZtvoIMlisYQh9GhCJ22qIM39QZQIwfhC1KatI8LzwZQpKQhCJLmUI8ddwYQjpkhCpI7XI81XMZQrr2hC5ohVIMGFuZQBQnhCVuLdIckxHZQOcThCdQ4eIcr0jYQpR+gCJ33bIMQgFYQt/7gClTQWI8EJLYQMkqgCZD0SI8ZUpXQdGugC5EKfI8VfLXQCr5gCdl9jIMgxhXQqmQhCRbGkIMreWYQuOThCpOL1IM3J9WQefqgC1m/3IMaZ9XQrTbhCdEm0IsVktYQ5SQgCRvxsI8a/mYQ8+AiCRdYnIsO86YQ2j0gChKznIMSSiZQn0xhCVasqIMn3/ZQfrPhCBjsQIMHe3YQDPGiC5MtXIcD9DaQjo0hCR6jRIM2bxZQAxxgCpMknIcEe8WQ S_000004
L/3QfChDexIci2lZQ34XeCtRlvIc6KDZQGw2eC5c91IsMuBaQHPpfCRZfsIcUjDaQEtueChcWoIsj2LaQYFefCNM1jI8AghaQBzKgCl8NhIc/zCaQxbkeClLcfIMd/xaQBPDeCNe9gIMgYabQktIgC5+obIMK6IaQsqifCtEyaI82PzaQ51PgC1pHbI8aJUbQbYpfCBwDZI8JrjZQcCsfCdweTIcQAiZQjJHgCxU+QIc/x/ZQCwIfCJH/QIcHt/YQrikeCxWyTI8MFgYQ9KDeCJcCRIsJv+XQPhheCRPfZI8vFhYQdpEfCtE9bIsRIDZQLg6dCNh0pIMhTgaQDeReC9h+mI8ZxtZQcP/fCVPxlIcWb8aQDCsdChYteIsXtdaQtaogC5txZIM9NMaQcwCfCdZ7WIcl84aQZLjgCd07XIMc8SbQuZndC5p+SIsVIOXQFAGeCp7CNIc+Y+XQzdDeC52xbIsbDHYQDhDfChTWgIcyBFZQ S_000004
LF7rcCx8ZeIs98qbQkcubC1gIeIcaHHbQNUYcCNmIhIsawTcQyyEdC5OVYI8OM0bQfG4dCxiDXIsbdXcQLl+dC1/ERIM1CacQOdceCtsDPIsTnxbQPdqcCFNLOI8cvfcQfcQcCNujOIcBuKdQw11dCtw/JIsvppbQWuCdChXmIIsGhRcQ8f3dCVm/FI8M9vcQAK+bCJO4/HcwIoZQ5AfcCVSz7HMvVNaQlifcCBdFxHcgRPaQV07cCVo4AIcjotaQqs0cCJuKGIcNFlaQiZVcCVshII8bMAaQq+2bC1SVFIcEheZQPbYbChatGIcBb7YQqmYcClYAOI8kLDaQ2N6cClk4OIMxtoaQEdMdCR0UKIcYl/aQJx3eCV13YIcU4TcQJ5bdC9RtYIc830cQNepeCNWXQI8zV1cQei1bCpt5PIcGENcQNJleC5ayGIcpIlbQL5KcCBG+FIcFjNcQrSGeCdIVCIMnblcQuppbChVr6H8jJSZQn81cCtjZtHcwYpaQWkJcChDysHMKr2ZQVDGdCxh6SI8lm1aQ S_000004
LHCUWCpbF8HMdTydQ7QKWCl2FDI8HwZdQn3lVCJNv6HsWgbeQ795VCNOayH87wTdQOmDWC16onHM3WhdQyc1VCNu4fH8b88cQiN1WCtyxhH8yKccQLlgUC1gDhH8WHmcQLuhTC99jaH8Qb5cQetOWCJ4vhHcXHzbQji0UC5OcdHsmv4bQOfyUCFbNSHMj4zbQVtUVCN8h3HMKOuZQIMFVCR96sHcc42ZQx5gUCt0RnHM4fXZQCjXVCVcGoHsAqbaQ0p7VChv/uH81q3aQ9BOWC5Pr5H8EZyaQxp6VCxTp+HMm2KaQs8GWCpTDEIc3eAaQuAzWCJp69H8x8WbQrt1WCtct1HMgIxbQMkUWCpbcsHM/KgbQJf9WCNMpmHccusdQ0+ZVCByJmHcfE4dQdU4VCNA+XH8aNMdQr3FUCZBMpHMQkncQQevWCxrYcHcsicbQUAGUC19bgHMaQhbQEIAVC1WTQHs4jVbQAfDVCZfS6H8rcRZQZ4TUCVQhfHMI2bZQ6uSUCx5yqHMEr7YQMnPXChLK2HMr2RcQ S_000004
LMA4hCZZm7H8wpifQugEiCJpTwHslocfQ9DQiCFPGCIcHeNfQ0PGhC5Zt8H8v5XfQprugClZ7CIsTekfQwgRgChGcEI8HAAfQQswfCxJt/HMR0zeQdRpgCBusFIcoKXeQwt2gCZA+KIcNjYeQ0hdfC5FFAIc5eHeQXwGgCh33EIMi01dQLyWfCpWWJIMaDzdQ7mYeCtFlmH8w+LcQwF9dC1RgwHc0lVcQObSeCNSx2HMSm2cQSzLfChWyxHMOoPdQIutfCp7pnH8EJKdQvJSfCtP4hHsVMmcQQVufCBTFYHc36ccQbnTgC9aRlH8ihqdQaySgCZq3tHsnoCeQpfwfCRYv1Hc3B0dQ8JcgCh0DCIc6yAgQ9mEhC9rOGIMyRsfQ0H+fCNT2HIM8bMfQofGhCF4TDIsNuSeQ1NZeCtmwAIMX/AeQu0TgCxFVEI8LcVdQZ6peCxhrIIM42cdQqjOdCVx8zH8/G/bQlzYfC99SUHszzCcQ9bMgC1ogUHsfAwcQvNmgCJFwuHsizfeQ S_000004
LIzkhClhxMIsgsJeQfFAiCB0KII8ZHBeQ0ZyhCFKYRIMYOieQv+chCNeMPIstpbdQDEBhCVMaTIcygTdQMh3gCVJ4SI8zqkcQVDhgCdZ3NIsTdecQuhfhCRIZSIMTuJcQ8NvhCxMjXIcZf/bQUDvgCZ1ZLIMjN4bQpJPhClfPPIcBtjbQyt5gC5HjSIMu+FbQ6/hgCpvQuHc5HfbQ4GNgCZXl2HMLZObQABSgC5CfAIM5YWbQAswgCB3TBIcErzbQ1uIhCVD96H8TuHcQAqAhCNWNwHctn8bQK9VhCFCCoH8w+NcQWYlhCJ5g/HsP6jcQ2rehC1X5EI8QyfcQjB/gCBLHGIcWODcQLZkgCZ/CTIMKtndQ7YQhCdSPXIsRsbdQ8UlgCBDhWIcy7ccQUK6hCJzYQIs9LacQ9uVgCVVsKIMMdgbQH/ohCVpUNI8jcRbQgVvgCRVVQIMJbtaQDzofC9Am0HMiq2aQvKPhCpghgHM4JFcQ+qshCprZpHcvzjcQJfwhCl+7HIca/xcQ S_000004
Les/TCpG2MIs/xySQfZ3UCtNwPIMumvTQVkPUClITNIcBkVRQQhAUCdJpGI8e/LTQeKJTCFT3CIsIMkSQmjETCx9q7HMhHaTQ+JhSCttD+Hc20tUQCnaUC5nt2HMZNvTQeA7UCRHrwHsmjpSQKlITClbd3HcWPsVQJuDUCp11vH8VM8UQLjaTCNoKmHMEKmUQeo2TCRGU+H8qUsWQRVOUC9G95H8bf7XQUB+TCd1ewH8FBGYQ2d3UCJkJAI8/TaYQW9IVCF4PFIcdaRYQPkxVCllKIIsd+uYQrKxUCxeiHIsi3SXQ8JJUCVcZEIsDWaWQn1ISClUlEIMidcSQdzgTCl/4BIMMxjRQjAeSCBeH2Hc+bzSQuINVChZo8H8iJ8TQnbbSC5veyHcuwQWQoN8UCZmUtHMc6gVQmLNTChuCiH8eWbVQTk/VCdDAMIs+IpYQm7BWC9+gGIsx7KZQgW/UCZ7vLIc0+DXQD51TC1BDGIcY+bVQ S_000004
LjwgbCt/lQHs/yLTQ7jubCVprbHsJVuSQLoPcCJRiHHcopkSQJ1zbC9WNQHsw7vUQSBzbC9pKGHc3wZVQ0/1bCZpvHH8Aq5WQknwaC9MjOHcC+VXQxoEdCRPgNH8CAbXQWpNeC5dqGHc2NZXQIgMbCxLhUHMB+OYQvnkcCBWKQH8SNaYQy3dcCNINHHM4Z1YQvZObCp6OgHs1BFYQzCSbCxplnHMK8mYQSITbC1lckHMIUMZQs/TbC1yIyHsiKeYQjrSbCt8l1Hs6FsXQOdUbCVAFAIsTTgXQmJPbCZKVuHM0glWQERNbCZm1jHM+/2WQsG5aCpmrBHcdNIVQULqcC5lWBHs3DFVQgE0bCZJk/GMqoTXQ5fXdClBdUHMCB0WQfLkaCNDhTHMhirYQJiPdCRhoVH8wcrYQfbIcCBDiJHM2GSZQ5qTbCNelBI8P+kWQ7lWbC9LiCIMNYJYQHLObC19PxH86HjVQUhKbCtOCeHcbICWQ S_000004
LjFqfCFEiLH8wLFXQYUifCBVyTHsWLCWQuATgCxCiCHcrb8WQMS+fCF6rRH8IiOYQ77DgCZopLHcyw0YQ9vGgCBa8SHcnObZQ7RBfCBegZHscqdZQSFrgCFb/aHsKxZZQiiRhCJTMWHc15nZQ0qXfCVBEkHMUppZQr9ZgCJOZjHchc4ZQiyagCpQ2fHc38iaQobLfCNZtFIsT7CZQ7PdfCZbSDI8KcpZQ5yvfCF9oGIc2qJaQWzefChXD8HMFYvZQOYLfCJLp2Hc55KZQPO3eC5yu6HsBKjYQfc2eChc+CIszodYQsemeCJsoFI87Y6XQ+ioeCx8gyHc8VGYQkgyeC95wpHsdtcYQZQIfC9IsrHMCxGZQHeRfCRVKGHcAt4YQX9ggCdisGHsP8yYQvaLgCFbdNHMbV2ZQWTygCNZ7dHsrY5YQy+xeChH/mHsZ+EaQKCtgCh2xqHM0N4ZQeQPgCB+klHMiF2aQL1NfCN0sJIsu0BZQG7+fC1gLFIcXgmaQtfufCxzlKIcG5EaQkTreCVYrhHs5MPYQ S_000004
LEh+hCdH+aH8fQZZQtG8hCZgxdHsLgrYQLLgiCZszTH8cWpZQX3BiC1G2lH84ozZQYKJiCVvclHsDmgaQr2LiChhwwHc2IxaQu2lhCZZj2HMy0kaQIeviCxMR3HsDWdaQIpWjChNs0HsFQxaQsvwhCVHtAIMOcdaQkNgiCtbSBI8+QmaQd5miC9Q3CI8ZERbQZzihCZ1YCIsqdxZQZQdhC5c1HIMdYpZQplkhCRqJLIsd3FaQkdQhCtQXJIMtCCZQqyIhCVevFIc72jYQnr7gC1RiHI8E27XQD2NhC5mKAIscJrYQR/ahCFPa9HciBSZQpFvhC9wEhHsvdwaQw8miCJtEhH8RXnaQKaQiCFZzvHsn1TbQ6i0iCdfm1HMLI7ZQyCghCRKZDIsNuzaQWOxiChKTEIMOGTaQQQciClpmGIMTMVbQCj1gCdQ9EI8paMXQC93gChVdLI8TSyXQhPHhCZXd6HMuwRYQIZfhC5a30HsuTZZQ S_000004
LErBkClEt0H8VoVaQzs4jCdCivHcVGsZQDdkkC5v1wHM4mxaQs/IkChwmAIcrTPaQX+UkCtqzCIcnmoZQlsPkC9MwIIc/1tZQomijC9W6JIcLZxZQTCfkCRhAMI8TJIZQVvLlCBMxMI8kALZQCIZjCljZOI8tnXZQj0DkCVXCRIc1CNZQa9QkCt7iUIMY/tZQZcPiCB8/TIcereWQ0YhiC161WI8L0dXQZE0iC10+UIsw9RYQnKziCdEoPI8tkSYQwSiiCVjMMIM2uoXQtMPiCN9nOIMPZhWQXM9hCdV4LIsWJhVQZ6niCF/7GIsZUAYQkI8iCBURHI8bJlYQSpDjC5McMI81kxYQ3K2kCpysBIsUDhZQFxAkCBtNBIsCvOZQzCjkCF5tJI89MKaQa6ZkCZqCKIs8EpYQ1lEjCd6gRIMBllZQuQEkCVskTIMlSwYQmY9jC5dtXIsD7uZQc2giCFCObIsZrXXQlEwhCpS1NIcNvvUQp08hCNo4HIcwfiVQ+wFjCxkvDIc253YQ S_000004
LvgVgCxeDrI8DcDQQarHgC1ZRpIcIiiOQwLhgCp0hnIsjoWQQ S_000004
SCORE:    34.210        34.210  3.779       4.082          5          1          8          6          5          1          6      1.000       1.000      1.000    S_000005
RES_NUM R:107-110 R:112 R:183-184 R:208 R:211-214 0 S_000005
FOLD_TREE  JEDGE 13 1 4  Y    C2   END  JEDGE 13 5 5  Y    C4   END  JEDGE 5 8 3  C4   C2   END  EDGE 1 4 -1  JEDGE 4 6 1  C4   C4   END  EDGE 6 7 -1  JEDGE 7 9 2  C4   C2   END  EDGE 9 12 -1  S_000005
RT 0.885002 -0.428247 0.182694 -0.465097 -0.795141 0.389147 -0.0213837 -0.429366 -0.902877 -1.33414 6.56562 -0.322811   S_000005
RT -0.854485 0.429339 0.292445 -0.137683 -0.730005 0.66943 0.500899 0.531753 0.68289 7.26876 6.18339 -0.462528   S_000005
RT -0.986727 0.156581 -0.0430278 0.159857 0.983219 -0.0878944 0.0285431 -0.0936062 -0.9952 6.20795 0.0678787 0.0922022   S_000005
RT 0.865661 -0.338813 0.36856 -0.394558 -0.914866 0.0856972 0.308148 -0.219603 -0.925645 3.95714 -4.02519 0.109393   S_000005
RT 0.0254961 -0.786327 0.617284 -0.125035 0.610127 0.782375 -0.991825 -0.0971296 -0.0827627 11.6403 -1.12944 14.3408   S_000005
ANNOTATED_SEQUENCE: u[URA:Virtual_Phosphate]gcgg[RGU:Virtual_Phosphate]a[RAD:Virtual_Phosphate]ac[RCY:Virtual_Phosphate]c[RCY:Virtual_Phosphate]gcaX S_000005
CHAIN_ENDINGS  4 5 7 8 S_000005
LXgGgCdz0tI84ZcQQdKafCl0zoIcE1dQQsYgfCtUEzIMVlZQQRVlgCB4ztIsFmtRQzHEhCJq6xIcGq5RQdpihCxvmwIsuGCTQUp7hC5X9rI8RtrSQCNOhCxPGvIsp6WUQJqChC9mvzIs2dFVQM/AiCZ9noIMA5zTQhSyhCZn8rIcYLAVQxKUiCptJvIs1heVQ6/ohChPbjIcMdoTQVfwhCRmbfI8ARjUQpyIiC9E8fIMJsfVQyKahCpaxaIMa9WUQ+R+gC9xuZIsrlUTQ18sgC5/VVIsWGSTQu03gCRLEeIM7xYSQyONhCpSqiIctVkSQGjUhCdaXyIcdtERQ9T1gC5VR1IsZ1GSQcM1hCZWT0IMjCLTQ6LwgCV31sIMOEQUQCgiiCV1gnIMD8/TQuynhCBsspIME34VQfqqiCFl0sIscn4VQtoehCZv4XIs5bCVQbkhgCxBldIMLriRQFMIhC9f8lIMVh2RQ S_000005
L1OZgCdNwzI8APBWQbLzfC9v/vIMNqcVQUPMgCt2V5Ic2KSWQt0rgCZ7SxIM/DYXQ+pRhCZNdzIc9s9XQF6ihCty3vIMzEiYQUh1hCxEDrIcKkQYQUoBhCll0tI8UaBZQTU3gC9J7xI8FYfZQ/BthCVqrmI8zQsYQ3TZhC1dFpIcQnUZQnA5hCF7oqIsiXyZQgp5gCZKcTIMnZpYQ7CWhCpf5VI82HEZQEGnhCNVxSIseViZQs4ghCF1AbIsAmBZQ2sMhClXhdIseDhYQP7vgC1uabIs0KEYQA6kgCRz7VIcAiHYQu2LgClAPTI8tjjXQmXigCRDWfI80HQXQT02gCtnojIMgvnXQpRRhCVn0iIs5eWYQ0hqhC5k+zIsorMXQQ/KhC5Dc3IsLRMYQ8q5hCRfbyIs5bzYQp+igCN+vsIcWVyYQVnJiClwckIcpW2YQkHEhCxIZmI8wmmZQdnHiCxqYnIMU99ZQ0YzgChzkPIcHruYQkJ8hC9vSUIsaJ3ZQ20ehCly6OI8IJkZQ+MzgChRinIMp1HXQ S_000005
LEpKgCpwtxIswd3ZQ+TQfCdm7wIsvnXZQNXIgCB1J2Ic7oWaQGRRgCxSQsIcGQRaQGhdfCdh3oI8CHbaQDgAgCVTpjIMPwraQQ6TgCtpsgI8L4IaQyt9eCh+6fI8Yk9aQv9qeCdPbhIcYQobQjMJgChpPbIsIsMaQk6qfCZAlaIseD5aQBIXgCNM0ZIsBNWbQiCbfCJDmZIsGApZQ6nKfChaIUIsWtkZQBypfCVa9QIsYF/ZQNzYeCxleSIsAsDZQBW4dCZs+VIckunYQc3HdCFcCUIsXDIYQarIeChvkbI8OcrYQsM6eC1FNdIs5MMZQ88zeCVhwqIMmIzaQVN2eCpMMoIsSa+ZQRrWgCFv2kIMGWFbQEMAeC9fHgIspesaQSQlgC9CmYIchYLaQYMAfClRKXIce4+aQdekgChyOWIsYTRbQcRucCxZhWIs17kXQ+O9cClzGQIsD8FYQ9qtdC1gceIMdbUYQ+LIfClYfhIMrGQZQ S_000005
Li/QdCtd3fIsQu8bQA0McCFjugI87tcbQclPdCJDYiIcQjncQLzWdCtFiZIsStBcQ5yLeChxSXI8FEhcQqp+dCdbWRI8blgcQXfMeCVnZPIcX11bQ2VkcCdMhPIce7pcQXUVcCV/yPIc8PWdQsWUdCldBLIMs+tbQhUmcCNO6JIcR6XcQbSXdC9sZGIsPzxcQjRjaCVF/DIM/MwZQ8LEbCNyNBIc0OSaQEMzaCNr63HsFvRaQH7wbChscDIMe3xaQ/35bCd6xII8IKsaQYnbbCxx1LI8ifKaQRUsaCh8bJIsRfpZQ63LaCttgLIspHJZQUrxbCVtHRIsxsPaQLJdcCR1LRIsvTzaQrakcC53RMIM43GbQoBPfClSTYIcHjacQuC8dC1L+YI8aoAdQbrreCpG2PIMXy4cQVwybCFfDSIMTUbcQVr2dCluVHI8VRlbQiambChZFIIccHWcQKOXdCNgvCIsG3kcQ1CCaCF96BIMtdaZQiRIbC5VPzH8gepaQJfRaC5Mw0HMcs5ZQo04cCxB2UIMPLBbQ S_000005
LxFlVCVBK5HcGfKdQFr+WCNWp1Hsi4RdQZO7UChROAIsbppdQ5ggVCxpn+HsDeccQZGRUC95/AI8vALcQI7ZUCZYlCIMIkcbQck1UCJw97HsWCEbQuycVCFe0GIMXwTbQHq4UCZi+LIMZUWbQDd3VC9o5+HsTLnaQAr6VCZUhFI8pomaQyUEVCZSoHIctsGaQwCraCtSq4HMzi8ZQTIsZCJwr+H8IapZQUbCaCNc5BI8RnFZQrucYC9ts/HcXG4ZQUkRYCdZB6HsofcaQniLZCZJxzH83MyaQNnfaCVttyHc+1haQ5mbbCtNbtHMy+waQV1mYChLSvHMHXWbQNKYXCNr9yHcbdVbQHZHXCpJl5HMtUzaQQsnTCV7I8HcrTNcQZB8TC9oEEIMMZbcQYfaTCBaKEI8mCUbQxTRWCB03GI8GMrbQeVqVCtyT8H8wMGaQH+5WClTNHI80XfaQ38aVCVmpGIckzpZQ0tkbC5dk4HMrruZQjiXZCFOKEIsrN2YQc59aC1bjBI88L6YQfwnWCZ/AxHsz2tbQ S_000005
LGrnhCRnzvH82/IfQExphC5PRkHscC/eQRCEiC53Z3HMmDzeQSG3gC1ymzH8EfEfQSJpgCNae9H8nxVfQrfLgCdmTBIc2v1eQyKUfCpeK7HMLnqeQybggC5xVCI8ZALeQXd2gC9jIHIsKINeQeB5eCtl98HcY5/dQpA0fCRzuCIsFrtdQ5LNfCVV0HIsdKwdQ/axcCZ9JoH842DcQCRpcCRVWyH8OORcQ3YPdCd3R3HssEycQGFEeCxfewHcSYGdQc+SeChs1lH8Wr8cQv/mdCRfmhHc2YZcQJFwdC5qgXHcOWMcQtrNfClUbhH851YdQLfffCJ0YpH8RwydQo+1eCRisyHM6KpdQXuYgCx2I8Hc9c0fQMzEhCNQVBIsWYcfQfjAgCNh+EIszxFfQ7Y4gCFko+HsxECeQHh3dCFZEAIs7z9dQtaCgCZNMCIs9xLdQWraeCxp8HI8WhcdQGF9bCV6U3HsVd+bQCXPdC5q3UHsW5ybQqdXeC10kSHsH9bcQ3aGgCBisoHMRkNeQ S_000005
LzukhCle4HIcVv5dQuq2hCNMyCIM68rdQFO8hCxwyLIMcfSeQKXchCZY5KIcHGOdQXaHhCp0yPIMZNLdQBW4gCJf+PIsgqdcQNeZgCpbtLI8T8XcQgnbhClvwOIcf/9bQPbyhChLgTIc5R0bQC+egCBKVJIMXRvbQ8cChCdOeMIMy1YbQ7BwgCdHiQI8kY/aQxhbfCddOsHcz7ObQNU9eCV4u1HcMrCbQT5ZfCJ/d/H8AVMbQlNPgCNY9+HszFmbQ2RigC1k31Hsga1bQNSQgC5JAsHcc+obQY+fgChtmiHsA21bQL5EhCRrU4HMa+OcQziGhCh3YBI8t9NcQhzmgCZ1pDIsW81bQoCtgCxn9PI82didQjkdhClRETIcCNTdQm7rgCtDEUIsTxZcQj4zhCpK+LI88QKcQgrCgCZfgJIs9ZabQFdWhCVLIKIsv0CbQrqfgCR43OI8PSnaQk+EeCFEg1HMzotaQRLSgCdjybH8rOsbQSf5gCVlXiHcFGJcQu1ehC5tuDIsRQfcQ S_000005
LfnwhCBVtrHcWBFYQk6ihCdURkH8hNnYQFbNiC5/2nHsgSFXQXuGhChjqwHMqieXQSAJhCFuF5H8DYhWQGgdgCliU+H8gZYWQgUQgCxigBIssIpXQgeyfC17q2Hs28DWQuNxfCtU7zHM/5rUQPqGfClTCBIsuNyXQ2LleC1PP9HslHfWQ+tNeCBkkCIsu7iVQ3eyeCJoa7HM2zfYQAEgdCt+v7H8GdxYQQIocCxttAIMb8gYQNUPdCxGu1Hs1iUZQ1iLeClXnvHM1UmZQy92dChv3pH8K7IaQOtffCZgMvHMi8UZQD/vfC5YF1Hs4KyYQm2ghCxZD/Hskc1WQdhThC5e71HcsKjVQavhgCRFDCIMQ9jVQbr3fCx26uHcn9kWQodleCZO4EIMkA7XQ9MrdCx+W4Hsn4mWQOzadCJZlEIMHi4VQH4ieC5nNlHcl5WaQ+r7cC9zOqH8m2UaQ/0IgCpiLqHsrkjZQ8MYgCFH80HMA+jYQ S_000005
L8oBYC9eofHsz1OTQAheYCFsZqHs760SQb+bYClp/VHcrceSQrAeYCFlydHsvrvUQwzQYCBBmTHsPyUVQkXgYCpXHUHs3M0WQ1PrXCBiOcH8UhbXQg85ZC1ibXHcsfOXQ9T1aCdp7OHs6BBXQK3XYCJMpgHM9GRYQ7moZCJ18ZHswDWYQqwYZCZw1QHcjbvYQtNrYCFqOsHsrvJYQIJCZCpopyHsIysYQywFZCVd0uH8sERZQv1TZChuE9HsAUmYQt8PZCNroAIMWx+XQgGiZCp/0FIcSk3XQs/4YCVv96HcT/1WQ3cnYCxEmwHcl4CXQcKPXCRH2QH8VQIVQiO8YCVctNHMNl3UQXiTYCt+6LHsGjKXQ40TaCJAIeHcxsoWQH90XCNgHgHsbmvYQdFfaC123dHsw0lYQezNZCJgFTHMKrNZQFLgZC5gmHIspL+WQmqxZCZ18HIMkwVYQ9+1YCNjf+H8bl1VQXjVYCdPhrHs6NMWQ S_000005
LOPVcCBmjRH8+XkWQheUcChHeaHMRimVQbj/cC5KWHHc5lQWQlW8cCtLMWHM617XQKlDdChZTPHsT6hYQZSddCdkhVHcWVJZQSqecCpZzdHMXuRZQwFxeCFMlbHsfXFZQvz2fCJnrUHMUwNZQMlIdCJzTnHs1neZQ0QkeCJvCkH8XrnZQF1oeCF5sfHcl7QaQJY2dCRwZHIcbtBZQOqHeC10bEI8lwlZQ8oreCVBKHIMhGGaQd04dC5Gc+HMpNpZQ3QVdCJYX6H8SAFZQ+LAdCNZp/Hc8sfYQMCRdCxWXFIsUxcYQqnDdCp4eIIsNe9XQAKecCV9j4HMiLCYQF5dcCd6UvHMd0VYQQD/cCNL1vHcvp+YQTVGcCxEPLHMq0nYQvWzdChmCJHMFkbYQe3idCBrZPHsybiZQHR9eCBSueHc2DlYQfiucCJukqH8bm8ZQPpVfCdCTqHcJ1mZQ++feC58flHMuimaQq0FeCd5RLIs5PCZQ4f7eCVbQFI8NJhaQhl2eC98ELI8uMDaQ4iGcCBR4nHsoDHYQ S_000005
LUmpgChwXXHcw96YQ/zkgCRXIbHs0gOYQUBGhCFdXOHskVFZQ/s4gC9OThH85IXZQtKEhCtRqfH8SwCaQ79RhC5ZPqHMbWVaQ5kwgC9cDyHM57OaQG+3hC5bMvH858+ZQA/diCVDUqHMFeNaQ8dDhChEQ8HMNvIaQJhzhCJ506HciHMaQMIBiC1Ru8Hced2aQII0gCBZjAIcjifZQq/2gClyFGIs2maZQSpGhChN3II83c3ZQv/ogChsSIIsVz1YQ8UYgCtxPFIcWLXYQMnKgCh5sHIcv1nXQmrUgCBPN/H83UbYQZFjgCRU76HMQq/YQW0ogCt6YcHc2mUaQiLehCdXwZHci9EaQdOZhC9SZoHc7/2aQt73hC5C/tHspDcZQVD6gCp38AIcIAiaQuFHiCJTHAI87b4ZQod9hCFaPCIcRe9aQ2t7fCNnkFIM0+3WQ7CNgCRCrLIMBviXQusGgChjT6HMsoBYQJ/ggCFEOyHsedEZQ S_000005
Lm8EjClFtoH8P/sZQmjziCFK7kHMouDZQddmjCVSoiHsfvDaQ/2VjCl+q0HMbooZQ/IhjCdVI5Hsb0BZQxfmjCl5cCI8HSKZQc98iC5srEI8dqTZQS62jCBWnFIcbikYQp8jkC9CNFI8jaiYQRj4iCpnjJIcyO9YQkXljC5UKLIs02uYQCd7jCdp7NIcWhPZQTBshCJIOSIsisCWQahFiC1/OUIM9j/WQaPYiCxhmRIsS/+XQTeOiC18YMIMgp7XQNL1hCZ2wJIcFtAXQG8ihCl09MI8sqAWQFfJhCJnDLI8TzCVQPGzhCJqXEIcXZSXQsKLiCJs0DIcedLYQbaciCN0jIIcIMZYQqx+jCxgc1H8651YQ8HIjCx8i3HsG3pYQn49jCdFoCIsGikZQKZrjCZTIEI8GeFYQIQriCdi+MIs04OZQ5BnjC1O6NIsObTYQvztjChVgRI8ELUZQt/LiCNSjYIsvf9WQHa9gCpUiNIsmqWUQEhChCBIKHIMQrAVQLmQiC555/HcIWbYQ S_000005
LXgGgCdz0tI84ZcQQ65mfChhrsIcEuYPQr9MgCdo/pI8DipQQ S_000005
SCORE:    34.686        34.686  4.204       4.521          5          1          7          6          5          1          6      1.000       1.000      1.000    S_000006
RES_NUM R:107-110 R:112 R:183-184 R:208 R:211-214 0 S_000006
FOLD_TREE  JEDGE 13 1 4  Y    C2   END  JEDGE 13 5 5  Y    C4   END  JEDGE 5 8 3  C4   C2   END  EDGE 1 4 -1  JEDGE 4 6 1  C4   C4   END  EDGE 6 7 -1  JEDGE 7 9 2  C4   C2   END  EDGE 9 12 -1  S_000006
RT 0.885002 -0.428247 0.182694 -0.465097 -0.795141 0.389147 -0.0213837 -0.429366 -0.902877 -1.33414 6.56562 -0.322811   S_000006
RT -0.854485 0.429339 0.292445 -0.137683 -0.730005 0.66943 0.500899 0.531753 0.68289 7.26876 6.18339 -0.462528   S_000006
RT -0.986727 0.156581 -0.0430278 0.159857 0.983219 -0.0878944 0.0285431 -0.0936062 -0.9952 6.20795 0.0678787 0.0922022   S_000006
