SEQUENCE: gucgucgucgucguc
SCORE:     score    chainbreak       N_WC      N_NWC       N_BS description
REMARK RNA 
SCORE:     0.002         0.002          5          2          3    S_000001
FOLD_TREE  JEDGE 1 15 4  C4   C2   END  EDGE 15 13 -1  JEDGE 13 12 1  C4   C2   END  EDGE 12 10 -1  JEDGE 10 9 5  C4   C2   END  EDGE 9 7 -1  JEDGE 7 6 2  C4   C2   END  EDGE 6 4 -1  JEDGE 4 3 3  C4   C2   END  EDGE 3 2 -1 RT -0.991237 0.0779769 0.106628 0.0537439 0.975418 -0.213707 -0.120671 -0.206104 -0.971061 6.08556 0.0310588 -0.545441  
RT -0.993736 0.0896238 -0.0667525 0.0988856 0.983474 -0.151658 0.0520572 -0.157309 -0.986176 6.18254 0.414779 -0.352318  
RT -0.979941 0.0740595 0.185014 0.00270318 0.933238 -0.359249 -0.199268 -0.351543 -0.914718 6.25984 0.130103 -0.0147969  
RT -0.991545 0.0909829 -0.0925212 0.0872149 0.995218 0.0439931 0.0960813 0.0355519 -0.994738 6.21797 -0.00562137 -0.397942  
RT -0.999636 0.0252277 0.00955366 0.0211035 0.951936 -0.305568 -0.0168033 -0.305255 -0.952122 6.1119 0.00892169 -0.43479  
   1 H     0.000  170.252   55.279 -280.155  208.825  -65.811   79.161   38.694   95.430  179.943    0.314727   -1.403170   -0.497880   -0.771710   -1.585542   -1.558553   -1.844931   -0.717390   -1.220916    3.807    1.093    0.363 S_000001
   2 N  -103.533  132.533  176.374   68.046  120.028  -49.546 -174.354   26.241  125.177    1.029    0.258684   -1.456653   -0.528203   -1.022582   -1.897604   -1.412592   -1.920528   -0.809166   -1.167777    6.516   -0.730   -5.745 S_000001
   3 H   -63.198  -72.761 -115.217 -253.028    0.000    0.000   78.617   30.267   84.654  -24.142    0.372073   -1.019562   -1.071405   -0.806443   -0.898945   -2.039932   -1.939925   -0.620378   -1.244890    7.608    3.911   -6.612 S_000001
   4 H     0.000  170.252   55.279   84.312 -159.836  -66.913   71.275   36.209   92.972  179.944    0.331977   -1.345540   -0.622244   -0.779361   -1.490002   -1.664000   -1.878900   -0.717725   -1.212608    8.760   17.063   -0.954 S_000001
   5 H   -54.168  170.326   45.679   78.565 -140.267  -75.094   90.114   39.506   92.679  179.932    0.322234   -1.389036   -0.525973   -0.748337   -1.534794   -1.600138   -1.847476   -0.746717   -1.199439    4.185   13.457   -0.889 S_000001
   6 H   -71.494 -178.432   48.618 -281.516    0.000    0.000   89.220   36.801   95.145  179.901    0.313503   -1.410116   -0.497209   -0.795096   -1.625129   -1.522202   -1.868294   -0.771631   -1.175334    1.536    8.025    1.404 S_000001
   7 H     0.000  170.252   55.281  142.881  -79.610 -143.703  124.282  -36.549  159.926   28.453    0.324691   -0.296193   -1.457534   -0.787971   -1.276574   -1.807929   -1.936831   -0.747233   -1.180213    5.743   -4.673    6.929 S_000001
   8 H   -74.539  165.995   68.168   77.546 -126.043 -100.147   85.166   36.823  104.500  -19.595    0.354989   -1.318459   -0.544595   -0.717341   -1.522216   -1.586382   -1.826247   -0.699634   -1.210981    8.884   -5.028    0.948 S_000001
   9 H   -63.049  161.911   55.497 -277.056    0.000    0.000   74.741   38.384   92.313  -29.022    0.305233   -1.384668   -0.558320   -0.783080   -1.527759   -1.617170   -1.865070   -0.704363   -1.214288   11.142   -8.971   -3.664 S_000001
  10 H     0.000  170.252   55.281   89.627 -160.644  -60.393   81.620   33.508   95.332  -12.408    0.328649   -1.314918   -0.702529   -0.805263   -1.456482   -1.705994   -1.907974   -0.727654   -1.194134   22.573  -16.100   -8.189 S_000001
  11 H   -64.129  177.933   50.233   78.120 -148.227  -66.075   95.080   38.859   89.820  179.888    0.325725   -1.385779   -0.541247   -0.757549   -1.521478   -1.604520   -1.852156   -0.728002   -1.204165   22.432  -10.811   -5.450 S_000001
  12 H   -60.867  166.200   50.337   80.913    0.000    0.000   79.039   41.146   92.251  -17.562    0.303497   -1.386118   -0.561164   -0.749955   -1.476549   -1.664303   -1.858280   -0.702946   -1.223506   21.462   -7.957   -0.337 S_000001
  13 H     0.000  170.252   55.279   84.161 -132.619  -72.727   75.111   35.266   94.778  -20.993    0.329752   -1.338193   -0.643178   -0.798049   -1.475712   -1.669810   -1.884748   -0.697206   -1.218353   13.963   -9.178   11.553 S_000001
  14 N   -42.324  172.140   62.925  113.847  -70.109   81.922   81.923    2.804  137.985   -0.112    0.416734   -0.988904   -1.094780   -0.910669   -1.436719   -1.698756   -1.945447   -0.618303   -1.234350   13.363  -12.899    6.796 S_000001
  15 H   -65.083 -177.505   54.693 -276.236    0.000    0.000   75.350   35.077   96.826  155.372    0.325507   -1.362688   -0.604086   -0.805548   -1.532984   -1.621452   -1.889133   -0.721902   -1.201851   10.989  -10.400    5.578 S_000001
