SEQUENCE: gucgucgucguc
SCORE:     score    chainbreak       N_WC      N_NWC       N_BS description
REMARK RNA 
SCORE:     0.003         0.003          5         10         13    S_000001
FOLD_TREE  JEDGE 1 12 2  C4   C2   END  EDGE 12 10 -1  JEDGE 10 9 4  C4   C2   END  EDGE 9 7 -1  JEDGE 7 6 3  C4   C2   END  EDGE 6 4 -1  JEDGE 4 3 1  C4   C2   END  EDGE 3 2 -1 RT -0.986577 0.109237 -0.121381 0.141221 0.943961 -0.298318 0.0819914 -0.311455 -0.946717 6.20106 0.198362 -0.0806691  
RT -0.985454 0.107158 -0.131903 0.12951 0.976084 -0.174606 0.110038 -0.189149 -0.975763 6.1861 0.26048 -0.326839  
RT -0.921833 0.106598 0.372639 0.0484631 0.985591 -0.162053 -0.384545 -0.131327 -0.913717 6.25724 0.633653 0.156412  
RT -0.995384 0.0882509 -0.0377276 0.0938993 0.976791 -0.192513 0.0198625 -0.195167 -0.980569 6.27744 -0.014524 0.126116  
   1 H     0.000  170.252   55.279 -275.598  217.218  -74.111   70.829   34.728   96.566  -28.049    0.349951   -1.327954   -0.655316   -0.773448   -1.474931   -1.676682   -1.861237   -0.711220   -1.218671    3.866    0.957    0.123 S_000001
   2 H   -60.252  174.926   53.240   82.205 -143.504  -75.745   77.296   39.142   92.400  -27.323    0.313649   -1.367955   -0.586726   -0.762820   -1.477251   -1.662206   -1.858905   -0.684785   -1.233718    8.849   -1.640   -2.502 S_000001
   3 H   -70.265 -168.041   52.263 -277.925    0.000    0.000   83.421   39.130   92.231  179.867    0.319013   -1.367677   -0.583589   -0.759765   -1.478853   -1.661452   -1.851759   -0.665203   -1.244553   11.378   -6.978   -5.369 S_000001
   4 H     0.000  170.252   55.282   85.825 -149.544  -65.494   63.475   36.320   94.236  -26.735    0.321977   -1.339718   -0.647105   -0.795924   -1.449113   -1.687048   -1.892708   -0.687114   -1.219721    3.510  -18.696   -0.076 S_000001
   5 P   -50.188  163.305   51.348   82.037 -155.717  -68.368   87.009   37.546   94.147  179.908    0.314082   -1.366741   -0.583323   -0.780697   -1.509977   -1.633569   -1.862966   -0.709963   -1.216645    8.816  -16.505   -0.494 S_000001
   6 H   -79.454 -167.811   53.520 -275.762    0.000    0.000   83.562   34.444   95.827  179.953    0.340194   -1.348649   -0.625424   -0.791578   -1.518953   -1.636217   -1.874649   -0.704660   -1.216419   13.188  -11.824    0.438 S_000001
   7 H     0.000  170.252   55.281   80.810 -170.453  -68.157   70.000   39.621   96.969  163.335    0.293834   -1.414897   -0.472810   -0.781453   -1.598544   -1.541613   -1.841784   -0.710309   -1.230426    6.734   -0.338    7.647 S_000001
   8 H   -69.512  175.290   49.822   79.750 -153.607  -68.241   89.412   41.285   90.657  -16.905    0.293464   -1.400981   -0.506126   -0.764476   -1.528183   -1.610427   -1.838433   -0.677813   -1.241602    9.293   -0.614    2.286 S_000001
   9 H   -59.944  170.458   51.408 -281.981    0.000    0.000   78.686   41.820   92.914  179.871    0.287218   -1.435158   -0.411544   -0.758526   -1.627990   -1.508437   -1.838149   -0.749235   -1.204901    9.785   -3.736   -2.786 S_000001
  10 H     0.000  170.252   55.281   77.575 -139.336  -79.488   69.333   38.296   96.607  179.901    0.320217   -1.367956   -0.573837   -0.754060   -1.505554   -1.627290   -1.814691   -0.641581   -1.272618    5.248  -17.944    0.306 S_000001
  11 P   -60.873  165.196   41.649   98.748 -148.917  -70.956   75.575   23.756   99.350  179.915    0.358328   -1.163740   -0.926133   -0.848999   -1.345532   -1.823411   -1.928506   -0.683095   -1.213314   10.932  -15.553    0.744 S_000001
  12 H   -62.915  168.852   57.397 -286.808    0.000    0.000   85.887   25.460  128.699  -13.476    0.303411   -1.454041   -0.377515   -0.955690   -1.868375   -1.150153   -1.792826   -0.725096   -1.223862   12.970  -10.447    3.305 S_000001
