SEQUENCE: gucgucgucgucguc
SCORE:     score    chainbreak       N_WC      N_NWC       N_BS description
REMARK RNA 
SCORE:     0.002         0.002          5          2          4    S_000001
FOLD_TREE  JEDGE 1 15 3  C4   C2   END  EDGE 15 13 -1  JEDGE 13 12 1  C4   C2   END  EDGE 12 10 -1  JEDGE 10 9 5  C4   C2   END  EDGE 9 7 -1  JEDGE 7 6 4  C4   C2   END  EDGE 6 4 -1  JEDGE 4 3 2  C4   C2   END  EDGE 3 2 -1 RT -0.965518 0.159437 0.205804 0.13496 0.982546 -0.128023 -0.222623 -0.095833 -0.970183 6.12542 0.0874624 0.237861  
RT -0.997567 0.0485554 -0.0500334 0.0547107 0.989994 -0.130073 0.043217 -0.132494 -0.990241 6.10929 -0.107709 -0.511399  
RT -0.974856 0.132748 0.178979 0.113994 0.987225 -0.111324 -0.19147 -0.0881223 -0.977534 6.16883 0.086289 0.00811433  
RT -0.984096 0.0423302 -0.172522 0.0810123 0.971263 -0.223798 0.158091 -0.234215 -0.959245 6.08538 -0.0474805 -0.709959  
RT -0.971309 0.137549 0.194005 0.124341 0.98911 -0.0787512 -0.202725 -0.052369 -0.977834 6.15804 0.145069 0.18578  
   1 H     0.000  170.252   55.279   78.594 -154.101  -71.529   61.804   38.604   91.299  179.925    0.310523   -1.392339   -0.516635   -0.771441   -1.570124   -1.577882   -1.841645   -0.735217   -1.205671    4.011    0.740   -0.168 S_000001
   2 N   -42.324  172.140   62.925  113.847  -70.109   81.922   81.923    2.804  137.985   -0.112    0.416734   -0.988905   -1.094780   -0.910668   -1.436720   -1.698757   -1.945446   -0.618304   -1.234350    9.612   -1.561   -3.453 S_000001
   3 H   -61.443 -178.728   48.771   77.519    0.000    0.000   85.606   39.703   94.280 -124.412    0.300564   -1.422692   -0.457221   -0.773374   -1.621667   -1.528308   -1.841942   -0.736100   -1.210463   11.332    0.889   -1.423 S_000001
   4 H     0.000  170.251   55.281   82.563 -178.500  -68.167   93.931   31.863   96.427  -88.220    0.361605   -1.320048   -0.686139   -0.802288   -1.493982   -1.669356   -1.907400   -0.737187   -1.190243   24.026    2.445    6.781 S_000001
   5 P   -82.437  148.576   35.312   80.977 -153.740  -84.585   73.869   34.699  100.360  -13.941    0.329442   -1.380578   -0.570226   -0.807491   -1.578688   -1.575250   -1.877492   -0.727728   -1.206656   19.884   -0.197    9.244 S_000001
   6 H   -51.765  170.310   54.212   83.318    0.000    0.000   69.968   34.068  100.283  -19.169    0.350870   -1.336074   -0.643564   -0.782467   -1.494432   -1.647614   -1.866630   -0.703561   -1.210958   14.471   -0.912    6.514 S_000001
   7 H     0.000  170.252   55.284   79.620 -153.291  -74.095   80.028   41.587   93.642  179.882    0.274738   -1.401931   -0.520377   -0.774085   -1.507333   -1.618219   -1.844170   -0.660514   -1.243116   12.475    8.218   -5.230 S_000001
   8 N  -144.855  152.557   54.802  148.318 -132.125  -83.739   98.843  -40.912  163.169 -162.801    0.337860   -0.085772   -1.481561   -0.709766   -1.091904   -1.914028   -1.879507   -0.692779   -1.220594   10.885    9.919    1.089 S_000001
   9 H   -51.645  176.827   32.024   81.461    0.000    0.000   85.811   36.375   94.555   42.510    0.338569   -1.351318   -0.599529   -0.770907   -1.494766   -1.633678   -1.865014   -0.713057   -1.209873   11.544    3.842    2.910 S_000001
  10 H     0.000  170.252   55.283   86.396 -158.567  -66.593   73.289   38.795   92.511  -15.420    0.297288   -1.377008   -0.578813   -0.785459   -1.500203   -1.646344   -1.884937   -0.719196   -1.214732   21.825   -1.937   -6.612 S_000001
  11 P  -103.069 -178.900  171.478   85.359 -121.316  -81.807   52.274   39.021   86.595  -18.653    0.315789   -1.337457   -0.652517   -0.765387   -1.393196   -1.731278   -1.890053   -0.701632   -1.216792   15.383   -2.688   -6.934 S_000001
  12 H   173.389   76.337  169.245   84.343    0.000    0.000   81.468   40.401   95.322  -14.122    0.317131   -1.378221   -0.534526   -0.735594   -1.491168   -1.612775   -1.790228   -0.636939   -1.255839   12.355   -8.884   -6.326 S_000001
  13 H     0.000  170.252   55.282   80.779 -166.179  -69.265   79.073   39.050   94.287  179.940    0.306504   -1.404646   -0.500983   -0.775848   -1.578916   -1.566817   -1.850378   -0.717494   -1.218551    4.072  -17.675    2.826 S_000001
  14 H   -62.890 -170.935   47.390   85.240 -152.093  -56.051   72.661   37.424   92.157  -20.001    0.329325   -1.339903   -0.607347   -0.765487   -1.469337   -1.665449   -1.867281   -0.690080   -1.234067    9.480  -15.309    4.564 S_000001
  15 H   -66.361  172.974   52.463   78.443    0.000    0.000   77.747   39.043   95.152  150.681    0.287550   -1.425082   -0.444095   -0.798893   -1.637029   -1.499379   -1.852267   -0.737399   -1.205355   12.185  -10.207    5.901 S_000001
