SEQUENCE: gucgucgucguc
SCORE:     score    chainbreak       N_WC      N_NWC       N_BS description
REMARK RNA 
SCORE:     0.001         0.001          8         13         13    S_000001
FOLD_TREE  JEDGE 1 12 2  C4   C2   END  EDGE 12 10 -1  JEDGE 10 9 3  C4   C2   END  EDGE 9 7 -1  JEDGE 7 6 4  C4   C2   END  EDGE 6 4 -1  JEDGE 4 3 1  C4   C2   END  EDGE 3 2 -1 RT -0.99185 0.125968 0.0191396 0.119974 0.973916 -0.192597 -0.0429014 -0.188731 -0.981091 6.18886 -0.0110629 -0.367998  
RT -0.959156 0.262105 -0.106399 0.273765 0.954793 -0.115856 0.0712227 -0.140252 -0.987551 6.52747 0.817701 -0.26597  
RT -0.977528 0.18465 -0.101705 0.191551 0.979471 -0.0628019 0.0880205 -0.0808722 -0.99283 6.07008 -0.19855 -0.269585  
RT -0.992715 0.117891 0.0248783 0.119257 0.990837 0.0634083 -0.0171751 0.0659132 -0.997678 6.20347 -0.223299 -0.0885929  
   1 H     0.000  170.252   55.279 -285.879  210.236  -72.157   66.227   38.257   97.901  -14.856    0.309730   -1.436954   -0.395231   -0.782863   -1.702021   -1.431247   -1.831956   -0.759898   -1.190471    4.051    0.994    0.036 S_000001
   2 P   -85.484 -178.063   75.931   85.196 -156.064  -68.928   87.253   29.669   99.913  -20.666    0.364928   -1.309526   -0.668405   -0.810617   -1.546879   -1.618377   -1.857628   -0.703244   -1.215471    8.995   -2.323   -2.611 S_000001
   3 H   -60.127  163.514   46.425   82.161    0.000    0.000   70.588   37.963   91.335  179.933    0.320657   -1.358901   -0.606132   -0.775339   -1.471429   -1.668031   -1.870212   -0.683992   -1.230869   11.313   -7.291   -4.623 S_000001
   4 H     0.000  170.251   55.284   80.696 -147.161  -74.259   75.619   40.597   90.718  179.882    0.297052   -1.394407   -0.528529   -0.764138   -1.522492   -1.621752   -1.857269   -0.704780   -1.228043   -0.383  -16.308   -1.634 S_000001
   5 H   -65.869  167.446   52.271   78.228 -159.726  -67.992   83.211   39.786   92.387   75.334    0.302193   -1.408926   -0.497103   -0.770806   -1.575825   -1.575043   -1.854314   -0.729188   -1.212621    4.708  -15.554    1.698 S_000001
   6 H   -68.228 -174.055   54.463 -275.388    0.000    0.000   78.052   38.491   93.309  179.939    0.312212   -1.366339   -0.594499   -0.774525   -1.480562   -1.660854   -1.861705   -0.679468   -1.234503    8.777  -11.650    4.350 S_000001
   7 H     0.000  170.252   55.282   77.068 -147.920  -82.746   64.532   44.078   92.491  -13.706    0.260005   -1.467956   -0.314095   -0.758859   -1.688326   -1.431275   -1.807052   -0.759418   -1.202877    6.514    2.274   -1.091 S_000001
   8 H   -84.230 -176.322   62.879   76.642 -153.766  -79.917   84.495   44.376   94.006  157.034    0.201121   -1.468834   -0.333493   -0.821278   -1.678240   -1.458014   -1.774897   -0.659964   -1.269357   10.262   -2.490   -3.795 S_000001
   9 H   -63.470  172.657   49.352 -283.744    0.000    0.000   74.153   38.712   92.903   54.371    0.320920   -1.400815   -0.514030   -0.767790   -1.566360   -1.577129   -1.859816   -0.749690   -1.198848   11.111   -7.952   -6.596 S_000001
  10 H     0.000  170.252   55.281   80.463 -149.193  -68.336   80.708   41.789   85.886  -20.612    0.272630   -1.420642   -0.489926   -0.786311   -1.550076   -1.601421   -1.875384   -0.706668   -1.212299    2.590  -17.051    1.964 S_000001
  11 P   -57.824  179.306   47.885   80.252 -156.217  -54.601   92.786   36.116   97.826  -13.283    0.299884   -1.422836   -0.441254   -0.824175   -1.691146   -1.449944   -1.887360   -0.802070   -1.154052    8.547  -15.758    2.668 S_000001
  12 H   -74.732 -167.867   48.412 -277.497    0.000    0.000   86.349   33.907  100.353  179.933    0.347899   -1.370150   -0.557694   -0.789478   -1.594405   -1.549051   -1.859009   -0.730537   -1.197237   12.621  -11.313    4.313 S_000001
