SEQUENCE: gucgucgucgucguc
SCORE:     score    chainbreak       N_WC      N_NWC       N_BS description
REMARK RNA 
SCORE:     0.006         0.006          5          5          8    S_000001
FOLD_TREE  JEDGE 1 15 2  C4   C2   END  EDGE 15 13 -1  JEDGE 13 12 5  C4   C2   END  EDGE 12 10 -1  JEDGE 10 9 4  C4   C2   END  EDGE 9 7 -1  JEDGE 7 6 1  C4   C2   END  EDGE 6 4 -1  JEDGE 4 3 3  C4   C2   END  EDGE 3 2 -1 RT -0.996111 0.0825095 -0.0308966 0.0853772 0.990555 -0.107294 0.021752 -0.109515 -0.993747 6.05054 -0.0369363 -0.332345  
RT -0.995599 0.0916123 0.0197539 0.0860921 0.977323 -0.193462 -0.0370295 -0.19091 -0.980909 6.2398 0.29537 0.249432  
RT -0.993477 0.095574 0.0622026 0.0887627 0.990574 -0.104327 -0.0715872 -0.0981253 -0.992596 6.06019 -0.196991 -0.288873  
RT -0.947867 0.115918 0.296836 0.0428541 0.9694 -0.241718 -0.315772 -0.216396 -0.923829 6.0657 0.394999 0.652694  
RT -0.994953 0.0276186 -0.096463 0.0375443 0.994009 -0.102647 0.0930501 -0.105751 -0.990029 6.2622 -0.101656 -0.34318  
   1 H     0.000  170.252   55.279   86.642 -113.270  -74.806   40.042   35.213   91.722  -27.384    0.336929   -1.317775   -0.687311   -0.792558   -1.422636   -1.719138   -1.909038   -0.723818   -1.195671    4.523    0.371   -0.595 S_000001
   2 N   -49.343 -145.340  164.974  102.909  -80.159   85.281   93.029   17.118  119.360   -8.943    0.377106   -1.222830   -0.835611   -0.907963   -1.558286   -1.594280   -1.928248   -0.684268   -1.199884    9.798   -2.843   -1.651 S_000001
   3 H   -84.821  176.293   68.912 -278.401    0.000    0.000   78.792   42.216   92.791  179.860    0.297806   -1.390537   -0.543491   -0.731403   -1.477332   -1.652932   -1.835784   -0.686295   -1.241102    6.382   -4.012   -0.081 S_000001
   4 H     0.000  170.252   55.280   84.126 -148.800  -67.041   69.486   32.970  102.115  179.918    0.336211   -1.361786   -0.612139   -0.819767   -1.560661   -1.594850   -1.882468   -0.710364   -1.206594    0.267  -17.641    1.166 S_000001
   5 H   -65.571 -177.628   53.547   87.382 -134.144  -61.471  115.923   22.522  124.647  -14.434    0.353170   -1.379388   -0.563052   -0.911487   -1.772824   -1.342862   -1.862966   -0.747461   -1.188074    1.885  -14.300   -3.857 S_000001
   6 H   -80.429 -168.229   48.560 -276.422    0.000    0.000   82.442   36.248   92.303  147.390    0.327973   -1.368276   -0.574539   -0.785517   -1.544238   -1.609618   -1.892714   -0.766017   -1.172703    6.913  -14.465   -7.994 S_000001
   7 H     0.000  170.252   55.279   81.000 -159.129  -55.568   77.024   38.880   87.104   89.903    0.313816   -1.371530   -0.580096   -0.764479   -1.479467   -1.642105   -1.868389   -0.734189   -1.194445   17.558  -20.446    0.704 S_000001
   8 P   -55.664  166.197   48.048   78.011 -144.407  -72.498   86.367   38.597   92.215  179.922    0.313178   -1.388716   -0.525945   -0.775097   -1.551261   -1.589499   -1.865274   -0.725301   -1.204874   16.571  -15.537   -1.838 S_000001
   9 H   -50.763  176.778   32.645   86.548    0.000    0.000   84.502   43.853   88.464  -17.752    0.263772   -1.382219   -0.597338   -0.773391   -1.358574   -1.733861   -1.881780   -0.630366   -1.272437   12.657  -10.893   -2.678 S_000001
  10 H     0.000  170.252   55.280   85.049 -145.040 -101.512   87.667   37.074   89.274  -17.398    0.316205   -1.355510   -0.623819   -0.794008   -1.471251   -1.674314   -1.898441   -0.720536   -1.201923    0.300  -14.848    4.874 S_000001
  11 H   -49.155  140.874   64.733   83.411 -146.842  -35.192   73.981   35.059  101.314  -20.540    0.344152   -1.359891   -0.590638   -0.777805   -1.532971   -1.598920   -1.851421   -0.692546   -1.230768   -0.964  -15.742   -0.763 S_000001
  12 H   -40.843  160.807   31.899 -281.452    0.000    0.000   94.204   34.365   97.626  -26.167    0.339958   -1.375976   -0.556097   -0.798201   -1.587250   -1.553556   -1.874234   -0.744300   -1.183332    2.158  -18.130   -4.069 S_000001
  13 H     0.000  170.252   55.280   85.041 -150.190  -74.550   77.914   35.755   94.442  -14.534    0.325878   -1.348401   -0.613393   -0.788128   -1.506075   -1.642571   -1.878811   -0.709547   -1.216572   10.821  -22.449    7.662 S_000001
  14 H   -73.107 -175.750   50.257   85.585 -119.238 -163.518   97.870   34.041   96.812  -26.287    0.332362   -1.346330   -0.627458   -0.811013   -1.514964   -1.631581   -1.892396   -0.713044   -1.207391   10.966  -16.810    4.574 S_000001
  15 H   -50.068  171.837   44.643 -278.084    0.000    0.000   86.577   36.278   96.601  -26.226    0.314416   -1.359793   -0.617943   -0.800726   -1.492922   -1.649206   -1.872445   -0.693553   -1.214579   12.580  -10.532    5.099 S_000001
