SEQUENCE: gucgucgucguc
SCORE:     score    chainbreak       N_WC      N_NWC       N_BS description
REMARK RNA 
SCORE:     0.000         0.000          5          6          9    S_000001
FOLD_TREE  JEDGE 1 12 4  C4   C2   END  EDGE 12 10 -1  JEDGE 10 9 2  C4   C2   END  EDGE 9 7 -1  JEDGE 7 6 3  C4   C2   END  EDGE 6 4 -1  JEDGE 4 3 1  C4   C2   END  EDGE 3 2 -1 RT -0.991902 0.0782107 0.10007 0.0813778 0.996291 0.0279616 -0.0975116 0.0358786 -0.994587 6.13101 0.114632 0.616389  
RT -0.993127 0.0543861 -0.103638 0.0595759 0.997086 -0.0476548 0.100744 -0.0535016 -0.993473 6.07564 0.244848 -0.445924  
RT -0.985094 0.13105 0.111429 0.119136 0.98703 -0.107599 -0.124084 -0.0927204 -0.98793 6.11246 0.177739 0.264722  
RT -0.997329 0.0692954 -0.0230675 0.0730135 0.938527 -0.337395 -0.00173042 -0.338178 -0.941081 6.17994 -0.102654 -0.263275  
   1 H     0.000  170.252   55.279   86.294 -160.557  -64.163   69.530   38.322   91.218 -136.338    0.318027   -1.342088   -0.649318   -0.767336   -1.413024   -1.712132   -1.893452   -0.720671   -1.204282    3.838    0.840    0.048 S_000001
   2 P   -69.471 -179.207   52.577   82.357 -155.440  -80.378   87.924   38.484   93.085 -116.861    0.311360   -1.383947   -0.553105   -0.777440   -1.532173   -1.618061   -1.864117   -0.707866   -1.221553    8.746   -2.505   -2.216 S_000001
   3 H   -73.302  146.351   76.992 -276.581    0.000    0.000   67.101   32.814  104.673  -20.976    0.323040   -1.392678   -0.534971   -0.837755   -1.646182   -1.501224   -1.853686   -0.687722   -1.224423   12.007   -6.411   -5.057 S_000001
   4 H     0.000  170.252   55.281   86.709 -145.726  -74.771   66.531   35.163   92.435  179.965    0.345946   -1.308239   -0.693260   -0.777897   -1.417050   -1.728822   -1.888782   -0.696470   -1.217576    5.276  -19.105   -0.692 S_000001
   5 P   -75.080 -171.124   46.914   85.789 -159.352  -85.223  110.421   34.864  100.292 -144.026    0.330280   -1.358090   -0.610975   -0.805843   -1.526598   -1.628595   -1.879578   -0.693290   -1.223478    9.441  -15.699    3.039 S_000001
   6 H   -77.941 -151.381   45.923   80.487    0.000    0.000   96.261   42.340   86.520  177.703    0.297873   -1.385619   -0.543162   -0.739754   -1.465119   -1.662813   -1.851186   -0.690768   -1.234692   10.482  -10.936    7.725 S_000001
   7 H     0.000  170.252   55.280   81.192 -150.315  -64.835   56.386   37.267   99.432   74.833    0.330197   -1.400356   -0.485965   -0.768526   -1.620247   -1.521855   -1.829677   -0.721377   -1.222771    5.468    2.266    2.545 S_000001
   8 H   161.173 -153.762  169.661   83.665 -136.864  -72.316   83.569   35.273   91.249  179.919    0.348010   -1.299896   -0.726473   -0.779969   -1.371883   -1.761426   -1.895545   -0.674121   -1.225543   10.425   -1.742    1.902 S_000001
   9 H  -151.245  166.389   59.785   83.679    0.000    0.000   61.003   36.777   93.737 -166.896    0.321964   -1.358782   -0.608881   -0.781702   -1.498715   -1.651058   -1.874076   -0.703991   -1.218071   13.894   -6.968   -0.925 S_000001
  10 H     0.000  170.252   55.281   87.370 -142.144  -68.228   67.391   39.060   86.403  179.920    0.313996   -1.335730   -0.661771   -0.768891   -1.386999   -1.745206   -1.894381   -0.702484   -1.221165    2.660  -15.448    3.402 S_000001
  11 P   -69.674  147.747   39.421   81.464 -138.280  -83.518   60.904   34.303   96.640  145.379    0.319409   -1.372376   -0.579860   -0.823709   -1.570742   -1.580327   -1.898811   -0.746633   -1.183263    8.417  -15.806    2.988 S_000001
  12 H   -60.062  170.709   50.163   85.200    0.000    0.000   89.922   33.632  100.146  164.383    0.319095   -1.356345   -0.599704   -0.833014   -1.548935   -1.592439   -1.898279   -0.721500   -1.192375   12.307  -10.944    4.091 S_000001
