SEQUENCE: gucgucgucgucguc
SCORE:     score    chainbreak       N_WC      N_NWC       N_BS description
REMARK RNA 
SCORE:     0.006         0.006          5         10          6    S_000001
FOLD_TREE  JEDGE 1 15 1  C4   C2   END  EDGE 15 13 -1  JEDGE 13 12 2  C4   C2   END  EDGE 12 10 -1  JEDGE 10 9 3  C4   C2   END  EDGE 9 7 -1  JEDGE 7 6 4  C4   C2   END  EDGE 6 4 -1  JEDGE 4 3 5  C4   C2   END  EDGE 3 2 -1 RT -0.977945 0.124051 0.16803 0.0626846 0.941746 -0.330431 -0.199232 -0.31261 -0.928753 6.21048 -0.0904947 -0.103105  
RT -0.979455 0.0858305 0.182483 0.0323321 0.960034 -0.278011 -0.199052 -0.266399 -0.943085 6.0603 0.0260446 -0.104604  
RT -0.992792 0.114448 0.0355747 0.110605 0.989236 -0.0958013 -0.0461561 -0.091176 -0.994765 6.08847 0.200433 -0.288767  
RT -0.994049 0.107783 -0.0157986 0.092288 0.910297 0.403537 0.0578757 0.399678 -0.914827 6.0258 -0.421264 0.306934  
RT -0.952221 0.0429197 -0.302379 0.0655825 0.995715 -0.0651939 0.298285 -0.0819098 -0.950956 5.93785 0.191454 -0.671015  
   1 H     0.000  170.252   55.279   75.251 -155.579  -73.785   74.834   38.054   97.628  -23.361    0.289282   -1.458682   -0.330606   -0.803081   -1.769876   -1.342320   -1.837539   -0.822794   -1.150276    3.922    1.088    0.263 S_000001
   2 H   145.862 -164.765 -177.768   82.166 -143.533  -86.763   72.741   39.663   91.342 -165.824    0.299327   -1.385463   -0.546586   -0.777902   -1.514277   -1.629579   -1.874813   -0.719471   -1.213052    7.904   -2.666   -2.510 S_000001
   3 H   -65.038  172.668   60.707 -276.600    0.000    0.000   78.972   36.154   96.631  -24.843    0.322432   -1.376504   -0.556880   -0.792360   -1.559206   -1.582083   -1.868005   -0.718088   -1.206219   11.477   -7.928   -3.145 S_000001
   4 H     0.000  170.253   55.283   79.502 -152.160  -74.268   74.006   41.555   91.099 -162.249    0.286030   -1.411734   -0.478393   -0.763989   -1.558763   -1.580307   -1.838864   -0.695845   -1.235344   13.972  -11.861   10.885 S_000001
   5 H   -61.561 -175.345   48.482   82.127 -156.677  -53.198  116.212   35.263   98.184 -169.013    0.370679   -1.325680   -0.616215   -0.741350   -1.497990   -1.650247   -1.828362   -0.677933   -1.233849   16.901   -8.062    6.804 S_000001
   6 H   -66.768  170.103   55.004 -282.213    0.000    0.000   89.697   39.284   95.494  177.640    0.299515   -1.436480   -0.416691   -0.780200   -1.668911   -1.472368   -1.835074   -0.751992   -1.199430   16.121   -3.328    3.547 S_000001
   7 H     0.000  170.252   55.280   82.407 -132.111  -59.426   80.613   34.823  102.204  -19.209    0.320713   -1.382965   -0.545996   -0.819766   -1.598429   -1.554815   -1.841903   -0.666464   -1.246368    1.445   -6.085    0.628 S_000001
   8 H   175.387  154.434   72.768   87.899 -113.092  -51.265  -36.325   29.949  113.954 -133.770    0.324211   -1.386537   -0.545733   -0.870609   -1.656304   -1.451523   -1.865961   -0.697269   -1.204112    4.400  -11.625    3.245 S_000001
   9 H   -72.536 -179.959   54.871   84.287    0.000    0.000   97.982   35.569   94.990  179.972    0.329494   -1.357594   -0.597097   -0.795548   -1.525936   -1.625387   -1.893505   -0.734603   -1.194068    7.496   -6.939    5.605 S_000001
  10 H     0.000  170.252   55.282   80.812 -152.201  -69.929   84.282   40.781   89.593  -22.853    0.301220   -1.386543   -0.531655   -0.754513   -1.514827   -1.630964   -1.849814   -0.693632   -1.238742    4.022    1.357   -6.652 S_000001
  11 H   -74.749  179.630   50.463   84.397 -167.524  -78.353  100.854   37.144   94.435  179.931    0.323074   -1.359407   -0.600154   -0.779280   -1.489187   -1.644495   -1.861481   -0.691664   -1.219244    8.794   -2.754   -6.332 S_000001
  12 H   -75.620 -176.573   55.338   85.201    0.000    0.000   69.978   36.595   98.775  -17.293    0.333995   -1.346942   -0.617658   -0.770254   -1.478754   -1.657438   -1.856039   -0.672329   -1.236534   11.417   -8.359   -5.156 S_000001
  13 H     0.000  170.252   55.280   86.051 -165.462  -70.158   91.437   37.129   97.212  -30.391    0.325668   -1.364660   -0.578669   -0.774452   -1.518616   -1.624617   -1.865569   -0.701795   -1.224443    3.402  -17.158    3.771 S_000001
  14 H   -59.410  164.882   55.943   83.631 -158.314  -69.732   79.050   37.891   95.922  179.908    0.313002   -1.380273   -0.556347   -0.783473   -1.530769   -1.609432   -1.855933   -0.689891   -1.229382    8.375  -14.770    5.398 S_000001
  15 H   -77.695  166.595   58.645 -274.458    0.000    0.000   70.293   38.006   92.392  -16.810    0.325350   -1.353029   -0.610375   -0.766783   -1.464904   -1.674455   -1.868005   -0.683491   -1.234310   12.257  -10.112    5.678 S_000001
