SEQUENCE: gucgucguc
SCORE:     score    chainbreak       N_WC      N_NWC       N_BS description
REMARK RNA 
SCORE:     0.001         0.001          3          1          1    S_000001
FOLD_TREE  JEDGE 1 9 1  C4   C2   END  EDGE 9 7 -1  JEDGE 7 6 3  C4   C2   END  EDGE 6 4 -1  JEDGE 4 3 2  C4   C2   END  EDGE 3 2 -1 RT -0.94156 0.117225 0.315788 0.0627882 0.982139 -0.177373 -0.33094 -0.147179 -0.932103 6.11047 0.0497273 -0.0267119  
RT -0.963935 0.115676 0.239684 0.0804501 0.985117 -0.151893 -0.253687 -0.127132 -0.958895 6.29426 0.359461 -0.0189174  
RT -0.995283 0.0840968 0.048368 0.0749557 0.983114 -0.16694 -0.0615903 -0.162527 -0.98478 6.0805 0.422867 -0.506957  
   1 H     0.000  170.252   55.279   78.636 -115.476 -136.492   81.315   39.486   91.365  -23.893    0.315089   -1.382444   -0.552413   -0.762551   -1.503820   -1.630539   -1.860050   -0.712900   -1.219704    3.692    1.017    0.396 S_000001
   2 N     0.000 -178.216   55.646 -276.519    0.000    0.000   72.907   40.748   92.677   82.919    0.298602   -1.380980   -0.569990   -0.760308   -1.471391   -1.666889   -1.863955   -0.700223   -1.221881    6.109    1.907   -4.927 S_000001
   3 H   -65.430  177.368   59.273   85.008    0.000    0.000   82.245   38.573   97.188 -166.777    0.315115   -1.359223   -0.602453   -0.766340   -1.459391   -1.664119   -1.847802   -0.640463   -1.254974    6.431    1.553   -2.492 S_000001
   4 H     0.000  170.253   55.279   81.878 -148.502  -73.083   68.497   38.621   90.537  179.914    0.317701   -1.357647   -0.607775   -0.770069   -1.458242   -1.680857   -1.871137   -0.686935   -1.229068   18.106   -0.274    6.132 S_000001
   5 P    56.623  124.670   49.146   83.500 -174.682  115.725   63.364   31.643  107.212   35.476    0.340139   -1.371977   -0.584125   -0.833719   -1.612765   -1.542051   -1.865650   -0.701364   -1.218600   17.338   -0.340    0.312 S_000001
   6 H   161.282 -165.307  170.705   85.693    0.000    0.000   52.436   30.558  104.945  -13.218    0.360029   -1.329200   -0.650188   -0.814919   -1.549627   -1.604274   -1.885395   -0.717902   -1.203909   15.584   -6.873   -1.129 S_000001
   7 H     0.000  170.253   55.280   78.567 -156.782  -71.082   67.308   41.088   91.640  -27.172    0.297115   -1.398939   -0.510193   -0.760495   -1.514594   -1.602766   -1.851213   -0.697101   -1.229474   14.204  -19.822    2.229 S_000001
   8 H   -60.411  174.854   52.945   84.517 -156.202  -72.336   81.191   36.598   94.066  179.903    0.308311   -1.352767   -0.637070   -0.808999   -1.468066   -1.680603   -1.889582   -0.677898   -1.228928   13.417  -14.842    5.580 S_000001
   9 H   -66.819  172.275   46.525   77.896    0.000    0.000   84.559   40.518   91.063 -114.080    0.293590   -1.414205   -0.481175   -0.770852   -1.575004   -1.566107   -1.848158   -0.719461   -1.218123   11.061   -9.340    6.778 S_000001
