SEQUENCE: gucgucguc
SCORE:     score    chainbreak       N_WC      N_NWC       N_BS description
REMARK RNA 
SCORE:     0.009         0.009          3          3          2    S_000001
FOLD_TREE  JEDGE 1 9 2  C4   C2   END  EDGE 9 7 -1  JEDGE 7 6 3  C4   C2   END  EDGE 6 4 -1  JEDGE 4 3 1  C4   C2   END  EDGE 3 2 -1 RT -0.991443 0.0951228 0.0893984 0.080519 0.984667 -0.154748 -0.102748 -0.146226 -0.983901 6.16376 0.22846 -0.108694  
RT -0.983701 0.107049 -0.144477 0.133182 0.973592 -0.18542 0.120813 -0.20164 -0.97198 6.20165 -0.123248 -0.398802  
RT -0.994578 0.0627432 0.0829297 0.0480659 0.984541 -0.168431 -0.0922156 -0.163532 -0.982219 6.17098 0.368357 -0.267636  
   1 H     0.000  170.252   55.279 -279.712  199.915  -68.507   63.567   38.860   97.135  -16.669    0.298794   -1.419790   -0.470791   -0.787036   -1.623883   -1.530003   -1.842874   -0.731349   -1.210497    4.100    0.949   -0.049 S_000001
   2 N    60.806 -153.784   53.011  153.844   91.176  -91.231 -159.521  -34.069  134.946   96.650    0.308442    0.316824   -1.464639   -0.842712   -0.383780   -2.200760   -1.842844   -0.667184   -1.239347    8.120   -2.990   -1.416 S_000001
   3 H   -70.512  172.774   52.127 -277.910    0.000    0.000   91.084   36.125   95.295  153.054    0.330785   -1.366674   -0.580945   -0.781671   -1.539808   -1.612793   -1.870819   -0.723357   -1.208956   10.751   -6.842   -0.631 S_000001
   4 H     0.000  170.252   55.281   81.616 -158.592  -64.137   72.080   39.089   89.678   -3.271    0.302324   -1.392191   -0.531170   -0.777006   -1.540676   -1.597224   -1.860056   -0.716018   -1.210901    7.887   -8.996  -15.331 S_000001
   5 P   -87.442 -173.430   77.559  102.812  -22.973   94.742   76.358    3.317  141.379   73.310    0.428148   -1.015233   -1.066428   -0.886418   -1.488581   -1.687957   -1.922769   -0.656143   -1.228942    5.031  -11.318  -10.100 S_000001
   6 H   -86.604 -168.651   56.234 -274.696    0.000    0.000   84.549   36.716   96.834  -20.887    0.327534   -1.353569   -0.618713   -0.782824   -1.478110   -1.661241   -1.861200   -0.656972   -1.248509    6.881  -14.865   -8.179 S_000001
   7 H     0.000  170.252   55.280   77.410 -156.934  -70.937   79.313   38.243   95.649  -27.712    0.310267   -1.403316   -0.500063   -0.785687   -1.579520   -1.548951   -1.859315   -0.726593   -1.209293    7.311  -23.431    4.309 S_000001
   8 N   155.357 -163.313  168.505   84.587  -97.552 -141.153  -82.947   33.234   99.707  -14.721    0.350542   -1.325338   -0.664224   -0.799111   -1.482083   -1.661762   -1.890462   -0.697423   -1.210699    9.624  -17.451    3.293 S_000001
   9 H   -65.430  177.368   59.273   85.008    0.000    0.000   82.245   38.573   97.188 -166.777    0.315115   -1.359223   -0.602453   -0.766340   -1.459391   -1.664119   -1.847802   -0.640463   -1.254974   12.193  -11.146    3.939 S_000001
