SEQUENCE: gucgucguc
SCORE:     score    chainbreak       N_WC      N_NWC       N_BS description
REMARK RNA 
SCORE:     0.002         0.002          3          0          1    S_000001
FOLD_TREE  JEDGE 1 9 3  C4   C2   END  EDGE 9 7 -1  JEDGE 7 6 1  C4   C2   END  EDGE 6 4 -1  JEDGE 4 3 2  C4   C2   END  EDGE 3 2 -1 RT -0.991302 0.0730634 0.109461 0.0657408 0.995443 -0.0690785 -0.114009 -0.0612817 -0.991588 6.13339 0.282101 0.147006  
RT -0.984095 0.137293 0.112726 0.149173 0.983248 0.104744 -0.096457 0.119894 -0.98809 6.28207 -0.00052689 0.205488  
RT -0.991302 0.0730633 0.109461 0.0657408 0.995443 -0.0690785 -0.114009 -0.0612817 -0.991588 6.13339 0.282102 0.147008  
   1 H     0.000  170.252   55.279   80.329 -142.054  -82.157   74.295   34.863   98.374  179.937    0.345969   -1.358067   -0.587446   -0.779744   -1.541784   -1.597364   -1.860069   -0.719354   -1.210578    3.861    1.052    0.263 S_000001
   2 P   -69.674  147.747   39.421   81.464 -138.280  -83.518   60.904   34.303   96.640  145.379    0.319409   -1.372376   -0.579860   -0.823709   -1.570742   -1.580327   -1.898811   -0.746633   -1.183263    7.750    1.364   -4.022 S_000001
   3 H   -73.051  172.266   52.725   76.598    0.000    0.000   78.759   44.581   91.336 -146.854    0.263655   -1.431633   -0.460460   -0.746002   -1.529622   -1.600529   -1.834960   -0.692475   -1.236506   13.912   -0.595   -4.042 S_000001
   4 H     0.000  170.253   55.279   85.325 -142.873  -55.207   64.873   37.402   93.380   84.859    0.310415   -1.377072   -0.564686   -0.795622   -1.531678   -1.614180   -1.877869   -0.715236   -1.209091   24.818   -3.878    4.775 S_000001
   5 P   -80.144  176.780   63.338   85.584 -122.779  -57.828   75.539   37.831   93.317 -114.816    0.300521   -1.381002   -0.567956   -0.794942   -1.524581   -1.616821   -1.879537   -0.720469   -1.201544   19.338   -1.307    6.031 S_000001
   6 H   -70.441  172.921   61.012   82.241    0.000    0.000   75.135   34.089   98.883  163.696    0.325905   -1.385178   -0.567058   -0.813975   -1.597962   -1.557682   -1.882348   -0.741637   -1.193106   14.544   -4.404    8.246 S_000001
   7 H     0.000  170.252   55.279   85.086 -153.962  -69.140   68.280   41.312   88.224  -16.404    0.284594   -1.391023   -0.572691   -0.776792   -1.459491   -1.677605   -1.879519   -0.682465   -1.246064   10.320  -17.621   11.027 S_000001
   8 P    70.078 -164.488   41.260  140.722 -112.331  169.407  117.487  -35.284  155.824   23.806    0.336397   -0.329856   -1.451014   -0.787119   -1.295402   -1.805917   -1.931413   -0.779512   -1.158217   14.182  -14.943    7.916 S_000001
   9 H   -65.852  177.959   46.017   77.709    0.000    0.000   84.258   40.626   91.787  179.884    0.302618   -1.406073   -0.488944   -0.757391   -1.562204   -1.578153   -1.841297   -0.710741   -1.222998   11.101   -9.787    6.414 S_000001
