SEQUENCE: gucgucguc
SCORE:     score    chainbreak       N_WC      N_NWC       N_BS description
REMARK RNA 
SCORE:     0.006         0.006          3          2          2    S_000001
FOLD_TREE  JEDGE 1 9 3  C4   C2   END  EDGE 9 7 -1  JEDGE 7 6 1  C4   C2   END  EDGE 6 4 -1  JEDGE 4 3 2  C4   C2   END  EDGE 3 2 -1 RT -0.96297 0.0797961 0.257531 -0.041075 0.900626 -0.432649 -0.266463 -0.427206 -0.863998 6.05418 0.214546 -0.14194  
RT -0.969841 0.18511 0.158563 0.0890001 0.874582 -0.47664 -0.226907 -0.448153 -0.86468 6.16553 0.235132 0.0556918  
RT -0.977281 0.211917 -0.00346094 0.208943 0.96057 -0.183435 -0.0355486 -0.179991 -0.983026 6.407 -0.196665 0.252723  
   1 H     0.000  170.252   55.279   83.000 -140.270  -63.551   70.456   42.571   80.498 -141.044    0.297115   -1.355524   -0.610817   -0.738073   -1.374560   -1.736955   -1.880958   -0.721762   -1.210253    3.694    0.585   -0.043 S_000001
   2 N   -71.791  177.808   64.687   80.523 -129.368  -87.254   76.037   37.377   97.187  -23.702    0.302467   -1.402328   -0.513869   -0.807794   -1.584715   -1.551338   -1.835436   -0.662139   -1.239719    7.872   -3.838   -1.791 S_000001
   3 H   -67.972 -178.889   47.446 -280.928    0.000    0.000   84.428   39.948   91.812  -24.380    0.301197   -1.397948   -0.518847   -0.771103   -1.542520   -1.602160   -1.856542   -0.706659   -1.227426    9.358   -9.102   -5.538 S_000001
   4 H     0.000  170.252   55.279   81.756 -162.417  -67.416   70.824   33.922  102.070   65.437    0.318792   -1.374807   -0.561405   -0.829200   -1.590727   -1.552564   -1.880321   -0.717721   -1.204247   -3.234  -17.396   -6.931 S_000001
   5 N    53.208 -155.250   62.299  132.885  -37.259   53.894  124.259  -31.009  155.244   18.444    0.358961   -0.392940   -1.436255   -0.829373   -1.303348   -1.811262   -1.959903   -0.764977   -1.153553    1.861  -17.549   -5.457 S_000001
   6 H   -66.287  171.812   52.238   82.424    0.000    0.000   83.524   37.666   95.403  179.946    0.307501   -1.389762   -0.542875   -0.794596   -1.556697   -1.592552   -1.873022   -0.717065   -1.212601    2.360  -15.447   -3.757 S_000001
   7 H     0.000  170.252   55.282   79.410 -158.020  -73.223   77.399   40.149   92.925  179.932    0.298586   -1.413841   -0.469755   -0.769916   -1.592970   -1.549681   -1.843239   -0.722276   -1.218868   14.400   -9.150    2.262 S_000001
   8 H   -58.570  146.268   60.817   80.444    0.000    0.000   86.894   35.281  101.334  -24.044    0.300686   -1.398987   -0.543851   -0.834334   -1.610900   -1.555167   -1.893875   -0.735094   -1.199857   10.747  -12.759    4.301 S_000001
   9 H   -67.220  163.835   62.811 -277.101    0.000    0.000   80.954   37.103   98.256  -18.278    0.360287   -1.336905   -0.602892   -0.712558   -1.500778   -1.656575   -1.795108   -0.664620   -1.218494   11.955  -11.237    5.447 S_000001
