SEQUENCE: gucgucgucgucgucguc
SCORE:     score    chainbreak       N_WC      N_NWC       N_BS description
REMARK RNA 
SCORE:     0.012         0.012          7         11         13    S_000001
FOLD_TREE  JEDGE 1 18 5  C4   C2   END  EDGE 18 16 -1  JEDGE 16 15 6  C4   C2   END  EDGE 15 13 -1  JEDGE 13 12 4  C4   C2   END  EDGE 12 10 -1  JEDGE 10 9 1  C4   C2   END  EDGE 9 7 -1  JEDGE 7 6 2  C4   C2   END  EDGE 6 4 -1  JEDGE 4 3 3  C4   C2   END  EDGE 3 2 -1 RT -0.997226 -0.0191845 0.0719244 -0.0243853 0.997096 -0.0721435 -0.0703315 -0.0736972 -0.994798 6.1403 -0.124978 -0.336162  
RT -0.991318 0.123895 -0.0440411 0.127922 0.986208 -0.105024 0.0304218 -0.109746 -0.993494 6.2531 0.620356 -0.459053  
RT -0.992935 0.102868 0.0591437 0.108572 0.98873 0.103083 -0.0478732 0.108776 -0.992913 6.18367 0.322374 0.431289  
RT -0.983744 0.177968 -0.0239662 0.163839 0.944144 0.285919 0.0735121 0.277345 -0.957954 6.10076 0.0307957 0.151785  
RT -0.917982 0.112091 0.380454 0.0885344 0.992942 -0.078923 -0.386615 -0.0387666 -0.921426 6.05778 -0.0851547 0.864206  
RT -0.98676 0.160363 -0.0242561 0.162062 0.98078 -0.108656 0.0063656 -0.111148 -0.993783 6.33498 0.0591752 -0.254766  
   1 H     0.000  170.252   55.279 -280.218  223.629  -76.465   83.141   39.470   88.663  -18.095    0.329715   -1.362603   -0.591640   -0.735428   -1.460581   -1.668581   -1.851826   -0.701591   -1.224743    3.592    0.961    0.433 S_000001
   2 H   -69.484  173.570   55.936   74.619 -152.014  -74.633   74.011   47.834   83.369  -15.616    0.308181   -1.446022   -0.389270   -0.650568   -1.515547   -1.567860   -1.807110   -0.765583   -1.206297    7.014   -2.243   -4.199 S_000001
   3 H   -75.579  176.496   52.090 -273.826    0.000    0.000   96.540   35.301   92.231   19.950    0.333911   -1.349768   -0.619839   -0.789235   -1.502641   -1.640345   -1.890963   -0.740327   -1.186963    7.270   -6.648   -8.740 S_000001
   4 H     0.000  170.252   55.281   84.406 -127.990 -163.282   96.871   34.642   98.709  -22.514    0.325483   -1.373326   -0.581381   -0.809180   -1.570287   -1.588345   -1.880775   -0.726239   -1.200202    4.296  -17.600    1.595 S_000001
   5 P   -45.826  172.036   37.583   80.949 -149.444  -62.330  109.853   35.072  100.953 -138.971    0.326704   -1.385717   -0.525180   -0.800283   -1.614247   -1.530236   -1.865510   -0.756171   -1.185541    9.350  -18.960    5.403 S_000001
   6 H   -64.045 -167.227   41.092 -276.238    0.000    0.000   65.667   34.118   96.880  135.386    0.342317   -1.339467   -0.625928   -0.788559   -1.511450   -1.628055   -1.877059   -0.724679   -1.196981   12.789  -17.559   10.495 S_000001
   7 H     0.000  170.252   55.278   81.609 -132.478  -75.087   71.957   38.631   91.660  -24.337    0.319147   -1.366787   -0.574923   -0.765782   -1.483459   -1.638410   -1.857129   -0.701085   -1.216324   16.726   -2.971   10.194 S_000001
   8 P   -67.264  163.856   56.792   80.120 -154.286  -66.959   77.232   40.052   90.391 -163.934    0.311879   -1.392147   -0.533389   -0.756159   -1.520343   -1.617160   -1.852165   -0.702992   -1.229516   20.150   -8.022    9.060 S_000001
   9 H   -61.611  170.566   50.659 -279.230    0.000    0.000   79.394   38.297   93.406  -16.603    0.311930   -1.382264   -0.555565   -0.783320   -1.529702   -1.620271   -1.866620   -0.706747   -1.217029   20.433  -12.802    5.491 S_000001
  10 H     0.000  170.252   55.277   81.632 -151.497  -73.039   64.969   34.795   96.561  179.948    0.337126   -1.373199   -0.571403   -0.794273   -1.571389   -1.579212   -1.878883   -0.742801   -1.190765    7.286  -14.096   -1.254 S_000001
  11 P   -53.706  170.157   44.175   79.697 -142.292  -71.669   94.973   40.348   76.248 -135.030    0.296861   -1.394612   -0.556004   -0.774209   -1.499068   -1.647491   -1.838512   -0.660070   -1.263089    9.911  -16.689    3.472 S_000001
  12 H   -40.925 -161.671   41.821 -272.932    0.000    0.000   78.254   36.119   91.764  161.302    0.304864   -1.338107   -0.658596   -0.821018   -1.446834   -1.700050   -1.900911   -0.664721   -1.223839   12.001  -15.871    9.343 S_000001
  13 H     0.000  170.252   55.280   81.136 -154.890  -76.681   75.155   39.545   92.656  177.536    0.291496   -1.418667   -0.483594   -0.781542   -1.586304   -1.542893   -1.854345   -0.747187   -1.201654   10.897   -1.984   15.385 S_000001
  14 N   -62.788  170.679   60.134   79.077 -172.530  -72.690  111.013   33.525  111.486  125.025    0.307195   -1.436843   -0.414794   -0.851459   -1.745679   -1.364299   -1.792532   -0.699482   -1.237997   15.645   -3.897   12.060 S_000001
  15 H   -52.538  153.934   51.074 -282.835    0.000    0.000   78.825   42.443   90.697  -23.725    0.292292   -1.406260   -0.485677   -0.745339   -1.525521   -1.600880   -1.820676   -0.680903   -1.236397   18.600   -7.129    8.896 S_000001
  16 H     0.000  170.252   55.281   72.468 -144.438  -80.424   96.642   44.559   85.307  -25.390    0.368343   -1.438166   -0.370202   -0.596804   -1.681156   -1.512574   -1.731865   -0.804723   -1.159708    6.662  -15.799    4.035 S_000001
  17 N   123.965 -149.624   65.385  106.971   10.664 -173.575   85.737   15.932  120.147  179.920    0.420691   -1.093120   -0.969316   -0.856094   -1.369451   -1.759656   -1.912756   -0.617820   -1.230626    7.648  -13.983    9.790 S_000001
  18 H   -60.127  163.514   46.425   82.161    0.000    0.000   70.588   37.963   91.335  179.933    0.320657   -1.358901   -0.606132   -0.775339   -1.471429   -1.668031   -1.870212   -0.683992   -1.230869   11.552   -9.195    7.655 S_000001
