SEQUENCE: gucgucgucgucgucguc
SCORE:     score    chainbreak       N_WC      N_NWC       N_BS description
REMARK RNA 
SCORE:     0.003         0.003          6          3          7    S_000001
FOLD_TREE  JEDGE 1 18 6  C4   C2   END  EDGE 18 16 -1  JEDGE 16 15 2  C4   C2   END  EDGE 15 13 -1  JEDGE 13 12 5  C4   C2   END  EDGE 12 10 -1  JEDGE 10 9 4  C4   C2   END  EDGE 9 7 -1  JEDGE 7 6 1  C4   C2   END  EDGE 6 4 -1  JEDGE 4 3 3  C4   C2   END  EDGE 3 2 -1 RT -0.976324 0.0705174 0.204497 0.0301095 0.98047 -0.194349 -0.214208 -0.18359 -0.95938 6.10953 0.37989 -0.13289  
RT -0.997071 0.0758436 -0.0098886 0.0763881 0.993967 -0.0787108 0.00385923 -0.0792356 -0.996848 6.13982 0.214674 -0.107486  
RT -0.992711 0.120395 -0.00542522 0.11422 0.925529 -0.361041 -0.0384462 -0.359029 -0.932534 6.06896 -0.252723 -0.246022  
RT -0.985437 0.0970113 0.139655 0.0817001 0.990402 -0.111488 -0.14913 -0.098455 -0.983904 6.08933 -0.127356 -0.242878  
RT -0.960963 0.121714 0.248468 0.100162 0.990167 -0.0976602 -0.257911 -0.0689608 -0.963704 6.18666 0.102534 0.450871  
RT -0.926653 0.131961 0.351996 0.00115817 0.937359 -0.348362 -0.375917 -0.322403 -0.868759 6.27666 0.25465 0.12125  
   1 H     0.000  170.252   55.279   90.080 -157.148  -62.085   63.603   32.828   96.703  179.925    0.351289   -1.239713   -0.819294   -0.792329   -1.300053   -1.827680   -1.886767   -0.602708   -1.276479    3.970    0.831   -0.083 S_000001
   2 P   -57.576 -125.741   57.846  152.679  -91.338  141.530  128.106  -36.651  156.147   21.628    0.318076   -0.109529   -1.480706   -0.796538   -1.041947   -1.952910   -1.928560   -0.687494   -1.210605    9.620   -0.681   -2.460 S_000001
   3 H   -64.217 -173.784   49.003   79.224    0.000    0.000   80.491   39.323   92.655  179.929    0.308158   -1.407114   -0.484034   -0.771094   -1.589127   -1.553484   -1.857514   -0.736221   -1.207158   14.878    0.896   -2.093 S_000001
   4 H     0.000  170.252   55.277   83.919 -139.598  -71.795   72.741   38.191   93.825  -16.235    0.306744   -1.369572   -0.593020   -0.783700   -1.492485   -1.654112   -1.884328   -0.713999   -1.211563   28.287    2.102   -8.797 S_000001
   5 H   -59.951  171.129   46.175   80.841 -147.059  -68.790   80.354   43.261   89.736  179.892    0.279322   -1.389861   -0.570820   -0.753602   -1.415972   -1.698847   -1.871349   -0.671532   -1.241147   26.277   -1.655   -4.351 S_000001
   6 H   -69.325  178.843   58.509   80.586    0.000    0.000   76.219   38.476   95.683  -19.142    0.302447   -1.405067   -0.506879   -0.785976   -1.581495   -1.559549   -1.859166   -0.725752   -1.205632   22.681   -6.727   -3.522 S_000001
   7 H     0.000  170.252   55.279   74.597 -150.523  -79.724   74.191   46.573   82.450    1.348    0.229686   -1.474970   -0.303167   -0.752600   -1.638331   -1.447596   -1.853043   -0.714100   -1.213808   13.702   -9.517  -14.999 S_000001
   8 N   138.382  177.094   45.576   81.031 -127.270 -131.777  113.502   33.062  101.230  -23.783    0.341532   -1.387503   -0.536334   -0.810911   -1.643320   -1.511268   -1.883923   -0.779226   -1.168517   13.036   -5.063  -10.040 S_000001
   9 H   -75.337  166.868   60.634   78.706    0.000    0.000   77.218   45.267   93.390  -20.359    0.265490   -1.436700   -0.415401   -0.726835   -1.562887   -1.559094   -1.799076   -0.683506   -1.252216   18.454   -8.238   -7.585 S_000001
  10 H     0.000  170.252   55.282   78.753 -174.167  -92.545   76.001   26.835  118.769  -98.160    0.343572   -1.419501   -0.469561   -0.886912   -1.800161   -1.309086   -1.860345   -0.781888   -1.172366   18.352  -16.816    4.657 S_000001
  11 N  -106.427 -143.179   61.811   92.240  128.506   13.776  108.828   32.619   93.902 -112.982    0.342256   -1.273073   -0.750495   -0.822534   -1.375840   -1.754410   -1.930185   -0.677303   -1.222729   20.634  -10.346    5.749 S_000001
  12 H   -83.007 -158.467   53.530 -278.721    0.000    0.000   75.378   35.565   97.826  -29.990    0.316490   -1.385929   -0.532974   -0.806785   -1.597914   -1.545723   -1.868957   -0.733608   -1.202379   18.900   -5.775    3.702 S_000001
  13 H     0.000  170.252   55.281   85.507 -132.351  -81.728   58.962   35.603   93.682  -23.754    0.341077   -1.308969   -0.694407   -0.780123   -1.401700   -1.732567   -1.887762   -0.681183   -1.225757    5.650    0.696    1.175 S_000001
  14 H  -172.085 -152.836  154.226   86.020 -143.464  -72.488   63.991   31.938  102.061  -12.353    0.349753   -1.310501   -0.677668   -0.813676   -1.478659   -1.656013   -1.892226   -0.689514   -1.209496    8.180   -4.380   -2.722 S_000001
  15 H   -57.427  170.726   60.305   86.819    0.000    0.000   83.935   35.624   98.768  -26.304    0.325713   -1.357224   -0.595812   -0.781499   -1.532017   -1.614473   -1.854162   -0.711644   -1.204353    9.693  -10.202   -3.792 S_000001
  16 H     0.000  170.252   55.280   78.584 -152.434  -70.154   71.833   37.865   92.863  150.615    0.321742   -1.388489   -0.521638   -0.768371   -1.570298   -1.569612   -1.855594   -0.732435   -1.206323    3.577  -18.036    7.580 S_000001
  17 H   -69.484  173.570   55.936   74.619 -152.014  -74.633   74.011   47.834   83.369  -15.616    0.308181   -1.446022   -0.389270   -0.650568   -1.515547   -1.567860   -1.807110   -0.765583   -1.206297    8.939  -15.036    7.119 S_000001
  18 H   -69.741 -174.732   48.077   82.001    0.000    0.000   84.848   43.098   83.858  -21.698    0.289861   -1.395928   -0.495723   -0.737437   -1.505560   -1.627676   -1.861727   -0.744780   -1.200946   12.379   -9.700    6.330 S_000001
