SEQUENCE: gucgucgucgucgucguc
SCORE:     score    chainbreak       N_WC      N_NWC       N_BS description
REMARK RNA 
SCORE:     0.001         0.001         21         38         27    S_000001
FOLD_TREE  JEDGE 1 18 1  C4   C2   END  EDGE 18 16 -1  JEDGE 16 15 4  C4   C2   END  EDGE 15 13 -1  JEDGE 13 12 3  C4   C2   END  EDGE 12 10 -1  JEDGE 10 9 5  C4   C2   END  EDGE 9 7 -1  JEDGE 7 6 2  C4   C2   END  EDGE 6 4 -1  JEDGE 4 3 6  C4   C2   END  EDGE 3 2 -1 RT -0.973528 0.169658 0.153165 0.150322 0.980037 -0.130115 -0.172183 -0.103646 -0.979597 6.15945 0.105042 0.0824015  
RT -0.971395 0.0708615 0.226652 0.0109682 0.96681 -0.25526 -0.237218 -0.245472 -0.939932 6.14047 0.343856 0.274097  
RT -0.972073 0.100969 0.211847 0.021937 0.937855 -0.346334 -0.233651 -0.332015 -0.913878 5.97421 0.149176 -0.107086  
RT -0.943035 0.0827061 0.322251 0.0106884 0.975639 -0.219121 -0.332523 -0.203194 -0.920945 6.04913 -0.116226 0.4164  
RT -0.994863 0.0913088 -0.0437103 0.0995685 0.96055 -0.259673 0.0182755 -0.262691 -0.964707 6.23274 -0.112935 -0.20769  
RT -0.991338 0.0378913 0.125752 0.00543926 0.968502 -0.248948 -0.131224 -0.246108 -0.960318 6.1682 0.179299 0.075521  
   1 H     0.000  170.252   55.279 -279.921  200.317  -72.962   74.295   38.263   93.021  207.900    0.318014   -1.390423   -0.528426   -0.767072   -1.566932   -1.586187   -1.852706   -0.726761   -1.215549    3.805    0.958    0.183 S_000001
   2 P   -39.124  150.025   39.556   79.060 -142.605  -72.874   81.298   40.127   95.354  -19.023    0.299526   -1.421039   -0.444097   -0.768375   -1.618353   -1.518929   -1.832062   -0.722635   -1.218081    8.861   -1.278   -2.732 S_000001
   3 H   -69.606 -169.674   50.275   80.614    0.000    0.000   84.795   42.757   89.316  -21.054    0.279733   -1.419938   -0.447943   -0.748621   -1.569120   -1.560259   -1.837375   -0.725548   -1.214764   10.305   -7.580   -3.516 S_000001
   4 H     0.000  170.252   55.286   87.232 -147.524  -70.087   73.343   37.009   90.379  -15.814    0.342547   -1.318770   -0.681318   -0.752109   -1.398680   -1.733254   -1.888082   -0.740901   -1.196886    3.104  -16.826    5.907 S_000001
   5 H   -63.713  177.789   44.527   82.170 -163.914  -57.394   75.493   38.405   92.560 -165.245    0.305284   -1.375034   -0.562820   -0.780938   -1.508322   -1.619007   -1.869212   -0.706358   -1.204275    9.041  -14.997    5.924 S_000001
   6 H   -75.579  176.496   52.090 -273.826    0.000    0.000   96.540   35.301   92.231   19.950    0.333911   -1.349767   -0.619840   -0.789233   -1.502640   -1.640346   -1.890960   -0.740327   -1.186964   12.544  -10.146    6.094 S_000001
   7 H     0.000  170.251   55.282   81.627 -140.278  -85.297   61.498   36.683   94.200  179.895    0.330841   -1.351925   -0.619383   -0.772476   -1.486088   -1.662312   -1.855611   -0.701776   -1.217522    2.067   -1.312    0.016 S_000001
   8 H   -62.170  166.398   58.296   79.615 -154.885  -92.140   84.839   39.050   96.320  -19.851    0.312754   -1.391522   -0.542209   -0.767556   -1.536705   -1.612867   -1.849573   -0.703349   -1.224542    7.130   -3.793   -2.746 S_000001
   9 H   -36.671  147.550   37.057 -270.374    0.000    0.000   71.944   43.259   90.187  -32.643    0.337588   -1.328958   -0.642486   -0.674231   -1.279091   -1.751318   -1.813886   -0.585816   -1.279726   11.209   -7.503   -4.092 S_000001
  10 H     0.000  170.252   55.281  108.176 -154.663  -76.116   76.382   19.044   98.059  179.952    0.383606   -1.021171   -1.064840   -0.851315   -1.189988   -1.929953   -1.949661   -0.693386   -1.199801    7.896  -17.326    6.910 S_000001
  11 H   156.210 -164.283  165.236   88.316 -140.701  -67.917   80.516   29.647   99.406  150.326    0.377543   -1.261506   -0.770990   -0.806713   -1.411966   -1.732278   -1.901490   -0.667672   -1.215763   12.309  -12.445    7.044 S_000001
  12 H   -60.867  166.200   50.337   80.913    0.000    0.000   79.039   41.146   92.251  -17.562    0.303497   -1.386118   -0.561164   -0.749955   -1.476549   -1.664303   -1.858280   -0.702946   -1.223506   13.359   -6.733    5.445 S_000001
  13 H     0.000  170.252   55.281   85.289 -145.830  -83.075   70.451   34.954   96.545   24.647    0.330970   -1.364972   -0.590796   -0.799585   -1.548201   -1.605158   -1.898603   -0.744429   -1.191431   -0.074   -1.098    3.008 S_000001
  14 P   -66.139  172.693   51.377   84.225 -143.662  -64.103  103.705   35.713   99.563 -139.673    0.323985   -1.373779   -0.569254   -0.802099   -1.558301   -1.595254   -1.847573   -0.666739   -1.240381    4.200   -2.377   -1.495 S_000001
  15 H   -67.249  171.437   57.608 -282.557    0.000    0.000   83.460   43.066   86.962  179.911    0.253653   -1.447447   -0.442753   -0.785228   -1.570955   -1.553563   -1.898083   -0.773025   -1.173448    6.892   -7.312   -3.856 S_000001
  16 H     0.000  170.252   55.281   76.459 -153.832  -77.448   74.691   42.245   91.952 -150.090    0.271932   -1.431867   -0.453224   -0.771709   -1.580432   -1.559168   -1.832150   -0.688085   -1.242233    4.179  -19.096    4.731 S_000001
  17 H   -59.136  160.644   56.008   78.826 -151.763  -76.015   81.966   41.454   89.782  168.687    0.293870   -1.416350   -0.466292   -0.758576   -1.568693   -1.564458   -1.843465   -0.727102   -1.209483    9.064  -15.804    5.289 S_000001
  18 H   -90.445  177.075   64.838 -288.293    0.000    0.000   71.731   41.565   98.597  207.890    0.279760   -1.447310   -0.378221   -0.773517   -1.643119   -1.456154   -1.816517   -0.719869   -1.218917   12.254  -10.170    5.901 S_000001
