SEQUENCE: gucgucgucgucgucguc
SCORE:     score    chainbreak       N_WC      N_NWC       N_BS description
REMARK RNA 
SCORE:     0.001         0.001          9         28         18    S_000001
FOLD_TREE  JEDGE 1 18 5  C4   C2   END  EDGE 18 16 -1  JEDGE 16 15 4  C4   C2   END  EDGE 15 13 -1  JEDGE 13 12 6  C4   C2   END  EDGE 12 10 -1  JEDGE 10 9 3  C4   C2   END  EDGE 9 7 -1  JEDGE 7 6 1  C4   C2   END  EDGE 6 4 -1  JEDGE 4 3 2  C4   C2   END  EDGE 3 2 -1 RT -0.990912 0.104949 0.0841421 0.099689 0.992929 -0.064456 -0.0903117 -0.0554821 -0.994367 6.1291 0.092537 -0.336516  
RT -0.975303 0.152457 0.159818 0.0989046 0.948428 -0.301169 -0.197491 -0.277924 -0.940083 6.17726 0.317924 -0.191709  
RT -0.999498 0.0315389 0.00291435 0.0299346 0.970692 -0.238454 -0.0103495 -0.238247 -0.971149 6.17272 0.158354 -0.243038  
RT -0.991727 0.0928078 0.0886846 0.0915648 0.995637 -0.017992 -0.0899674 -0.00972276 -0.995897 6.14631 -0.144208 0.134363  
RT -0.958737 0.142006 0.246286 0.0888353 0.972574 -0.214959 -0.270057 -0.18421 -0.945059 6.22921 0.175548 0.513385  
RT -0.968157 0.046841 0.245924 -0.0139329 0.970735 -0.239747 -0.249957 -0.235539 -0.939171 6.15781 0.249846 0.409941  
   1 H     0.000  170.252   55.279   85.918 -167.970  -52.218   75.766   42.178   82.379   60.374    0.289712   -1.366385   -0.579963   -0.743922   -1.425656   -1.696172   -1.879156   -0.748104   -1.200055    3.632    0.717    0.125 S_000001
   2 H   129.198 -156.032  168.666   81.171 -174.091  -61.643   96.189   39.288   92.123 -142.193    0.310141   -1.382143   -0.555952   -0.767045   -1.516042   -1.634435   -1.852555   -0.694030   -1.231443    6.901   -4.241   -1.934 S_000001
   3 H   -58.592  178.377   40.022   81.411    0.000    0.000   81.303   41.772   88.714  179.892    0.285880   -1.409238   -0.493839   -0.760324   -1.535806   -1.596907   -1.863414   -0.728761   -1.208297    9.024   -9.404   -0.568 S_000001
   4 H     0.000  170.252   55.279   81.025 -159.292  -68.515   74.629   39.918   95.072  169.928    0.289918   -1.430821   -0.430065   -0.784040   -1.636006   -1.496610   -1.838631   -0.729141   -1.216178   -1.142  -16.197    8.276 S_000001
   5 P   -78.235  179.239   67.865   82.127 -152.712  -64.230   85.762   37.740   94.645 -150.128    0.330459   -1.348109   -0.626916   -0.763361   -1.445968   -1.682780   -1.860293   -0.682610   -1.230803    4.245  -13.425    9.800 S_000001
   6 H   -64.306 -178.460   44.798 -278.115    0.000    0.000   86.852   36.231   94.118  -66.641    0.318596   -1.368598   -0.576978   -0.798365   -1.525972   -1.602371   -1.880969   -0.708300   -1.198243    7.679   -8.330   10.082 S_000001
   7 H     0.000  170.253   55.280   84.245 -141.978  -76.197   67.065   39.264   84.495 -133.847    0.324685   -1.328431   -0.660452   -0.749582   -1.376570   -1.745036   -1.881517   -0.694038   -1.224545   -0.041    0.985    1.302 S_000001
   8 H   -67.996 -168.820   45.937   85.247 -164.273  -72.275   66.324   32.015  100.803  167.266    0.341810   -1.358112   -0.602621   -0.823537   -1.587292   -1.573673   -1.901521   -0.757625   -1.174931    5.089   -2.713   -0.404 S_000001
   9 H   -89.209 -172.111   57.214 -279.979    0.000    0.000   74.167   44.722   83.640  191.716    0.260312   -1.434509   -0.441905   -0.735664   -1.572709   -1.584339   -1.854582   -0.769667   -1.187224    7.617   -8.489   -1.842 S_000001
  10 H     0.000  170.252   55.280   82.730 -149.083  -73.224   82.320   34.469   97.517  179.881    0.341174   -1.354999   -0.610102   -0.794955   -1.530744   -1.619726   -1.877429   -0.715849   -1.205744    3.096  -18.170    8.748 S_000001
  11 H   -67.880  155.823   73.837   81.668 -130.158  -78.654   65.878   33.320  104.199 -162.415    0.350679   -1.351570   -0.605156   -0.793545   -1.546335   -1.590683   -1.856664   -0.695160   -1.223318    8.550  -15.914    8.318 S_000001
  12 H   -64.961  162.305   66.331 -282.554    0.000    0.000   70.834   37.271  102.248  179.892    0.306045   -1.406313   -0.489269   -0.801813   -1.617471   -1.524646   -1.853908   -0.726069   -1.210913   12.432  -11.049    8.282 S_000001
  13 H     0.000  170.252   55.280   78.649 -144.620  -89.166   67.663   40.522   95.096  179.867    0.376286   -1.382971   -0.573052   -0.674857   -1.460314   -1.658079   -1.835737   -0.714478   -1.229137    6.332    2.400   10.109 S_000001
  14 H   -53.728  179.652   40.698   85.752 -164.992  -67.195   84.703   36.946   94.264  -13.444    0.319294   -1.359214   -0.608926   -0.788195   -1.492512   -1.656005   -1.879782   -0.697111   -1.222733    7.965    0.287    4.291 S_000001
  15 H   -53.315  179.110   54.766   83.528    0.000    0.000   83.901   32.727  102.269  -11.894    0.358770   -1.337562   -0.630358   -0.787530   -1.532937   -1.613693   -1.862888   -0.698792   -1.223260    7.714   -3.587   -0.152 S_000001
  16 H     0.000  170.252   55.280   83.520 -142.596  -82.553   64.698   36.711   90.469  179.935    0.355178   -1.334974   -0.635068   -0.741523   -1.462276   -1.685390   -1.860883   -0.708138   -1.226400    3.460  -17.314    4.352 S_000001
  17 H   -78.230  168.990   55.903   77.805 -159.407  -66.499   80.596   40.009   91.995  -29.950    0.297787   -1.417389   -0.458903   -0.767238   -1.609021   -1.530997   -1.855792   -0.775036   -1.179297    9.504  -15.144    4.300 S_000001
  18 H   -57.223 -178.840   53.014  150.402    0.000    0.000  124.295  -39.204  165.082 -153.858    0.293635   -0.095169   -1.490405   -0.806038   -1.082654   -1.922675   -1.961220   -0.671881   -1.216978   12.868  -10.184    4.978 S_000001
