SEQUENCE: gucgucgucgucgucguc
SCORE:     score    chainbreak       N_WC      N_NWC       N_BS description
REMARK RNA 
SCORE:     0.004         0.004         10         19         24    S_000001
FOLD_TREE  JEDGE 1 18 2  C4   C2   END  EDGE 18 16 -1  JEDGE 16 15 5  C4   C2   END  EDGE 15 13 -1  JEDGE 13 12 1  C4   C2   END  EDGE 12 10 -1  JEDGE 10 9 4  C4   C2   END  EDGE 9 7 -1  JEDGE 7 6 3  C4   C2   END  EDGE 6 4 -1  JEDGE 4 3 6  C4   C2   END  EDGE 3 2 -1 RT -0.996308 0.0851094 0.0112489 0.084602 0.995622 -0.0397482 -0.0145826 -0.0386498 -0.999146 6.2221 -0.0120878 -0.159756  
RT -0.98717 0.0844936 -0.135485 0.100155 0.988502 -0.113281 0.124356 -0.125397 -0.984282 6.19304 0.11739 -0.205356  
RT -0.976911 0.0827834 0.196957 0.0563995 0.989104 -0.135989 -0.206069 -0.121741 -0.970935 6.21594 -0.107432 0.0343147  
RT -0.969841 0.18511 0.158563 0.0890002 0.874582 -0.47664 -0.226907 -0.448153 -0.86468 6.16553 0.235135 0.0556908  
RT -0.979933 0.099018 0.172995 0.0596659 0.973808 -0.219405 -0.190189 -0.20468 -0.960174 6.23884 0.480472 -0.44096  
RT -0.98717 0.0844936 -0.135486 0.100155 0.988502 -0.113281 0.124356 -0.125397 -0.984282 6.19304 0.11739 -0.20536  
   1 H     0.000  170.252   55.279 -275.030  207.005  -73.632   77.244   42.506   95.067  243.864    0.252779   -1.385305   -0.546727   -0.786495   -1.456372   -1.662804   -1.850271   -0.610432   -1.268714    3.931    1.114    0.298 S_000001
   2 P  -104.404  177.673   81.620   78.901 -129.864  -76.520   72.984   41.957   96.776  -21.522    0.274976   -1.434321   -0.411714   -0.775464   -1.611984   -1.509265   -1.807567   -0.682242   -1.247215    7.747   -1.952   -4.673 S_000001
   3 H   -55.560  161.383   52.690 -278.587    0.000    0.000   85.378   39.105   91.414  179.929    0.321750   -1.360399   -0.594025   -0.754983   -1.460356   -1.669009   -1.837152   -0.652047   -1.245748    7.250   -7.123   -7.852 S_000001
   4 H     0.000  170.252   55.282   80.250 -134.122  -59.792   63.974   39.369   93.305  -20.948    0.307571   -1.392656   -0.526400   -0.767648   -1.539523   -1.597111   -1.853497   -0.711392   -1.221444    3.261  -14.602    4.581 S_000001
   5 H  -110.678  171.843   87.848   79.442 -123.777 -109.535   69.277   39.417   88.413  179.929    0.316906   -1.379376   -0.567343   -0.760918   -1.486874   -1.642397   -1.861577   -0.718143   -1.212613    8.643  -11.774    2.269 S_000001
   6 H   -62.772  178.096   52.218   84.471    0.000    0.000   63.661   31.785  104.914  -22.674    0.337083   -1.371094   -0.587355   -0.834278   -1.613845   -1.551133   -1.891628   -0.738524   -1.190837   13.053   -6.651    2.045 S_000001
   7 H     0.000  170.252   55.281   88.806 -145.124  -68.763   53.912   33.345   93.889  -13.383    0.337760   -1.296022   -0.721331   -0.814148   -1.406643   -1.726594   -1.924386   -0.715299   -1.191472    9.656    7.557    3.500 S_000001
   8 H    75.068 -152.970 -106.138   88.256 -176.693  -57.021   73.402   31.950  101.638  179.915    0.346143   -1.325229   -0.681397   -0.818517   -1.496872   -1.660455   -1.906333   -0.708910   -1.202678   11.786    3.454    0.493 S_000001
   9 H   -39.581  155.527   55.417   84.665    0.000    0.000   59.935   31.586  111.638  -12.844    0.333158   -1.381460   -0.563701   -0.841108   -1.628019   -1.510158   -1.855076   -0.691746   -1.217941   13.974   -1.097    0.192 S_000001
  10 H     0.000  170.252   55.280   85.612 -157.117  -69.897   75.327   35.433   93.579  179.921    0.327301   -1.357285   -0.607505   -0.790315   -1.527008   -1.630311   -1.885899   -0.748713   -1.194523    5.750  -13.592    1.006 S_000001
  11 H   -68.223  176.059   56.472   83.577 -152.079  -57.842   80.978   38.515   92.678  178.493    0.313224   -1.374042   -0.575707   -0.775061   -1.500754   -1.641686   -1.872997   -0.699067   -1.226796   10.049  -11.448    4.823 S_000001
  12 H   -66.913  172.621   51.258 -279.779    0.000    0.000   86.155   39.950   92.758  179.922    0.302510   -1.394305   -0.515243   -0.767267   -1.540852   -1.596725   -1.843519   -0.694976   -1.232855   11.295   -6.762    8.278 S_000001
  13 H     0.000  170.252   55.279   85.659 -129.952  -71.664   52.949   38.123   89.629  -90.983    0.319806   -1.326040   -0.679070   -0.770981   -1.388029   -1.751801   -1.893066   -0.688020   -1.229730    1.472    2.543    2.046 S_000001
  14 H   -66.789 -179.348   52.250   81.390 -153.543  -73.820   81.712   38.866   93.072  179.909    0.302629   -1.393210   -0.525744   -0.784443   -1.548129   -1.591244   -1.866296   -0.719859   -1.208501    7.508    0.562    1.177 S_000001
  15 H   -64.187 -177.329   49.526 -278.906    0.000    0.000   77.284   39.449   92.111  -15.241    0.305962   -1.391650   -0.532935   -0.771550   -1.534674   -1.609637   -1.857270   -0.705307   -1.223137   11.376   -3.860   -1.045 S_000001
  16 H     0.000  170.252   55.279   76.123 -159.747  -72.835   68.328   43.094   89.408 -177.816    0.264025   -1.453144   -0.404826   -0.767514   -1.619874   -1.514887   -1.847980   -0.744302   -1.197959    4.938  -17.374   -1.520 S_000001
  17 H   -65.506  170.175   58.449   81.140 -156.513  -67.821   76.450   39.301   92.059  179.882    0.310428   -1.392396   -0.518262   -0.766318   -1.547894   -1.589458   -1.854113   -0.715492   -1.217851    9.637  -15.224    1.564 S_000001
  18 H   -66.344  168.416   58.613 -283.295    0.000    0.000   78.275   42.606   92.254  194.395    0.277539   -1.427299   -0.458776   -0.762882   -1.562638   -1.573234   -1.849306   -0.718946   -1.219670   12.437  -10.770    4.390 S_000001
